200
0 0 7 0 0 0 0 0 0 0 0 21 0 6 21 0 0 0 0 7 0 0 0 0 0 15 0 0 0 21 0 20 9 0 0 19 5 0 0 0 0 0 0 0 0 0 0 0 23 25 0 0 0 0 0 13 0 22 0 0 22 0 9 0 19 0 0 0 0 7 0 0 6 16 0 0 0 0 0 0 0 0 0 0 10 15 0 0 0 22 0 20 0 0 0 0 0 0 23 0 0 0 0 5 0 12 0 0 22 21 0 23 0 0 0 22 0 0 0 0 0 17 11 0 0 0 0 0 0 0 0 0 0 0 0 0 0 0 0 0 0 0 13 0 0 0 0 0 12 0 0 0 0 15 0 0 0 12 0 0 5 0 0 0 0 18 0 0 0 25 0 0 0 0 22 17 0 0 7 22 0 0 0 0 0 0 0 0 0 0 0 0 0 0 0 13 0 0 12 0 
21 0 0 8 10 8 0 0 0 0 0 0 0 0 0 0 0 0 25 0 0 0 20 0 23 12 0 0 0 0 0 0 0 0 0 20 0 0 0 0 0 0 13 12 23 13 10 0 0 5 0 0 0 12 20 19 11 17 5 0 15 0 0 0 0 10 0 10 0 0 0 0 0 0 0 0 0 7 21 0 0 0 0 0 0 0 12 0 0 0 0 20 0 0 17 0 0 7 0 0 0 0 17 0 0 0 0 0 0 0 12 22 19 0 0 0 0 0 0 10 0 0 0 0 0 0 0 0 0 0 0 9 0 17 0 24 0 0 0 0 0 0 0 0 0 0 0 0 6 0 0 0 0 0 0 0 17 7 0 0 5 0 0 7 0 0 0 0 0 0 0 5 0 0 0 0 17 0 11 0 0 0 0 0 20 0 0 0 14 24 0 0 0 0 0 25 0 0 0 16 
5 0 0 0 12 15 0 0 9 11 0 14 0 0 0 0 0 0 0 0 0 0 0 0 0 21 0 0 13 6 0 0 21 21 12 0 17 0 0 0 0 23 19 0 0 0 23 0 0 0 0 0 0 0 0 0 0 23 0 0 0 0 5 0 0 0 0 18 21 0 0 0 0 0 0 0 0 13 0 0 0 0 0 0 5 0 0 14 0 0 0 0 20 0 0 21 0 0 0 0 0 0 25 22 0 0 0 0 6 7 0 0 20 0 0 0 0 0 0 0 0 0 0 0 0 0 0 0 0 18 0 0 0 21 0 0 0 0 0 0 0 0 0 0 0 15 0 0 0 18 0 5 15 0 0 0 0 0 0 25 0 0 20 0 0 0 0 0 0 0 18 0 0 24 11 0 0 0 0 9 0 0 0 9 0 0 0 0 8 19 0 0 0 0 5 0 0 0 0 0 
0 0 0 0 11 0 0 0 20 0 0 0 0 0 0 0 0 0 0 8 0 24 0 0 0 0 0 0 0 23 0 6 0 0 0 0 0 0 16 11 0 0 0 0 0 0 0 0 0 0 0 0 0 0 25 25 0 14 0 7 0 14 0 0 0 0 10 22 0 0 0 18 0 0 17 23 0 0 0 0 0 0 0 0 0 0 0 7 0 24 0 0 0 0 0 0 23 0 0 0 8 0 6 6 0 0 0 0 0 0 0 13 0 0 0 22 0 0 0 0 15 0 0 0 0 8 0 17 0 15 0 0 0 0 20 0 0 7 0 0 0 0 0 0 0 21 0 7 0 18 0 8 16 0 18 0 0 12 0 0 13 25 0 11 0 0 13 0 0 0 11 13 0 0 0 0 0 24 0 0 0 0 0 6 0 14 0 0 0 0 0 0 0 0 0 0 16 10 0 0 
0 0 0 5 0 0 0 25 23 0 0 0 0 10 23 22 0 25 0 0 0 0 0 0 14 7 0 20 23 0 14 20 0 9 0 15 0 10 11 0 0 12 0 0 0 0 0 0 0 0 0 12 0 0 0 18 0 0 0 0 6 16 0 0 0 0 0 16 7 0 17 0 0 0 25 0 0 0 0 0 13 0 0 0 0 7 10 13 0 0 0 0 0 0 0 0 0 0 0 17 0 0 0 0 0 0 0 0 7 0 0 0 0 0 0 0 0 0 0 0 18 0 0 0 11 19 15 0 0 16 0 0 0 0 0 0 15 0 0 0 0 23 0 0 0 0 0 0 0 0 0 0 0 21 0 0 0 0 0 0 0 0 0 0 0 0 0 0 0 11 0 0 0 0 0 0 0 0 0 0 0 0 0 22 0 0 0 0 13 0 6 0 20 0 19 8 0 13 0 0 
0 0 0 22 0 0 0 6 0 0 0 25 0 0 0 0 0 0 10 0 0 0 0 0 0 0 0 5 0 0 0 0 0 0 0 0 0 0 20 0 9 0 0 23 14 0 0 22 22 0 15 0 0 0 0 25 0 0 0 0 0 5 0 0 0 0 20 0 0 0 25 0 20 0 0 0 10 0 0 0 0 8 0 0 0 0 0 11 0 0 12 24 0 9 0 20 0 6 7 0 13 25 0 0 7 0 15 0 0 11 0 0 0 0 0 23 0 0 0 0 0 5 20 0 0 0 0 16 11 0 13 0 0 0 0 0 0 0 0 0 21 0 0 0 0 7 0 15 0 0 10 0 0 0 0 0 0 0 0 0 0 0 12 0 10 6 24 0 22 6 0 0 0 0 0 0 11 0 0 0 0 0 15 0 0 0 0 0 15 0 0 16 0 0 0 0 6 24 23 0 
0 0 0 0 0 0 0 0 0 0 7 0 16 0 6 9 20 0 0 20 0 0 0 0 25 24 0 21 0 0 0 0 0 0 0 0 12 0 0 0 0 0 25 0 0 0 0 0 0 0 0 0 0 0 0 0 0 0 0 0 0 21 0 0 0 0 0 0 0 0 14 0 0 7 5 9 9 0 0 5 0 0 6 0 0 0 0 0 0 0 24 8 9 0 0 0 0 0 0 8 5 0 14 0 0 0 0 0 19 0 0 0 0 0 9 23 0 0 0 17 0 19 0 0 0 19 0 7 0 0 0 0 0 0 0 17 16 0 0 0 0 0 0 0 0 13 0 0 5 6 22 0 0 12 0 0 0 8 23 23 0 0 10 15 11 0 0 0 0 0 0 0 17 0 0 0 13 0 0 0 0 0 0 0 13 0 0 0 0 0 0 0 0 0 0 0 23 0 0 0 
0 0 0 0 21 0 0 0 23 0 16 0 0 0 0 0 0 0 12 16 0 0 0 12 0 0 22 0 0 15 0 0 0 0 0 0 0 11 0 23 0 0 0 0 0 0 0 0 0 0 0 0 0 0 0 0 25 0 0 0 0 0 0 0 0 0 0 0 0 0 0 5 0 21 8 0 0 0 0 16 0 0 0 0 0 0 0 0 0 0 0 0 0 0 0 0 0 0 6 0 0 0 0 0 0 0 22 0 18 0 0 0 0 0 0 0 24 0 0 6 0 0 0 0 0 0 0 0 0 0 0 0 0 0 0 0 0 0 0 0 0 20 0 0 0 0 0 19 9 19 0 0 0 0 0 0 16 0 17 0 0 0 0 0 0 0 16 0 0 0 0 0 0 12 24 0 9 0 17 0 0 0 22 0 20 0 0 0 0 0 0 24 20 10 0 0 0 0 0 0 
0 0 0 8 0 7 0 14 0 0 0 0 0 0 0 0 0 0 0 0 0 0 0 12 0 0 0 0 0 19 0 0 0 0 0 6 0 0 23 0 0 0 0 10 0 0 0 8 0 0 9 0 0 10 0 0 23 7 0 0 0 19 0 17 5 10 0 0 0 0 0 0 0 0 0 0 0 15 0 0 12 15 17 25 0 0 13 0 25 0 16 0 0 0 22 18 25 17 0 5 0 0 0 19 0 17 0 0 0 20 21 0 0 0 16 21 0 0 0 24 0 0 0 0 0 0 0 0 0 0 0 0 5 0 5 0 0 0 19 0 0 0 0 0 0 0 0 0 12 0 0 0 13 11 0 0 8 25 0 0 0 0 0 0 0 0 0 22 6 0 12 0 10 0 0 0 20 0 0 0 0 0 9 0 22 0 0 0 0 5 0 0 0 12 0 7 0 24 6 0 
0 0 0 0 0 0 5 0 0 0 0 15 0 0 0 0 12 0 0 0 0 8 0 0 0 13 0 13 0 0 25 0 0 0 12 13 17 19 11 0 0 0 0 0 5 23 10 0 0 0 0 25 0 0 0 0 0 0 0 15 25 13 0 0 0 0 0 0 0 0 0 0 22 20 0 0 0 0 0 0 0 0 20 0 0 16 0 0 13 0 0 12 0 0 0 0 0 0 0 15 0 0 10 0 0 0 5 0 0 0 0 0 0 0 0 0 0 0 0 0 0 17 14 16 0 0 0 22 0 8 0 22 0 0 0 23 0 20 12 0 0 12 0 0 24 0 0 12 0 20 0 0 18 0 0 0 0 0 0 10 0 0 0 0 0 8 0 0 0 0 0 0 0 18 0 0 0 0 0 0 0 20 0 0 0 14 0 0 0 0 0 0 0 9 0 0 0 0 0 0 
0 5 17 12 9 0 0 0 0 0 0 12 0 6 0 0 25 0 0 14 0 0 0 16 23 8 0 0 0 6 0 0 0 6 0 0 0 0 13 0 0 0 0 0 0 0 0 0 0 0 8 0 23 0 0 0 0 22 14 0 25 0 0 16 0 19 0 0 0 0 0 0 0 14 0 14 24 23 0 0 0 0 0 19 0 0 10 0 0 0 0 0 0 0 19 0 0 0 0 0 0 25 0 0 0 0 0 0 23 0 0 0 0 21 25 0 0 0 0 0 0 0 0 0 0 13 13 7 0 25 15 0 0 0 20 0 0 0 0 0 10 18 18 22 0 23 0 19 0 0 0 0 17 9 0 0 0 5 10 0 0 21 0 21 0 0 17 0 0 0 19 0 0 0 0 5 7 0 0 9 0 0 25 0 18 25 9 17 0 0 0 0 0 0 7 19 0 0 24 0 
0 0 0 0 0 0 0 13 17 0 0 0 0 0 23 0 16 0 0 0 0 0 0 0 0 0 21 0 0 0 0 0 0 22 24 0 0 0 0 17 0 0 0 0 0 13 0 0 0 0 0 0 0 0 15 0 15 11 0 0 0 0 0 18 0 0 0 0 0 0 0 0 14 0 7 0 14 0 0 0 0 0 0 0 0 0 0 18 18 0 22 0 0 9 0 0 0 18 19 0 0 0 0 11 0 0 0 0 0 0 0 0 20 8 8 0 0 15 0 0 0 0 0 0 0 0 0 0 0 0 0 0 0 13 0 13 17 0 0 19 0 17 0 0 0 0 0 0 0 0 19 0 0 11 0 0 0 17 0 18 5 0 0 7 0 24 0 6 0 0 0 0 0 15 0 0 25 0 0 0 0 10 12 0 0 0 0 0 15 0 0 0 0 0 0 0 15 17 11 0 
0 12 21 25 0 0 0 0 12 0 13 0 0 0 7 0 0 0 0 20 0 24 22 24 0 0 0 0 0 0 12 0 21 0 0 20 0 5 0 6 0 0 20 0 0 12 0 0 0 0 0 9 7 0 16 0 0 0 0 0 0 0 13 0 16 23 0 16 13 14 15 0 0 15 0 15 16 8 0 0 17 0 0 0 0 0 0 18 0 0 0 0 0 0 0 0 0 0 0 0 0 0 0 0 0 6 0 0 0 18 0 0 0 10 0 22 0 0 0 0 0 22 0 0 19 0 0 25 23 0 24 0 23 0 0 0 7 0 0 0 10 0 10 0 0 0 24 21 0 0 8 0 0 0 22 0 0 9 0 0 0 15 0 0 21 0 17 0 0 0 15 0 0 0 0 0 19 8 0 17 0 0 0 0 23 7 0 13 0 0 18 9 7 0 6 0 0 0 0 9 
0 12 18 0 0 0 0 20 13 0 0 0 0 0 0 0 0 0 0 0 0 0 0 0 0 0 0 0 0 0 0 0 0 0 15 0 24 13 20 0 0 0 0 0 0 0 0 20 0 0 15 0 0 8 20 0 0 0 0 0 18 0 11 22 0 0 0 0 0 0 0 0 0 0 22 0 23 13 0 6 0 0 0 15 0 0 24 0 0 10 0 0 0 0 15 0 8 0 0 0 0 0 18 0 0 0 12 14 0 9 0 24 21 18 0 22 0 0 0 0 12 13 0 24 0 12 0 0 0 0 13 0 6 0 0 0 0 0 15 24 0 0 13 0 0 20 0 0 0 0 0 0 16 9 16 0 21 0 9 0 0 0 0 18 0 0 0 0 0 0 0 0 0 0 0 0 0 0 0 0 24 0 0 0 0 0 0 0 0 7 22 0 0 7 0 0 0 0 7 0 
0 0 0 11 0 10 0 0 0 0 0 10 0 0 0 21 0 5 0 11 18 21 11 0 5 0 0 0 0 0 18 23 0 0 0 0 0 5 0 0 0 22 0 0 0 0 0 0 0 0 23 0 5 0 0 0 0 0 23 0 0 0 0 0 25 11 20 0 0 0 0 0 0 8 23 0 0 0 0 0 0 0 10 10 0 0 0 0 0 0 0 19 7 0 0 0 0 0 0 14 0 0 15 0 20 0 0 12 0 0 12 0 0 0 0 0 0 0 13 19 0 0 0 0 0 0 0 5 0 0 0 5 0 25 8 0 0 0 0 0 16 0 0 5 0 0 0 0 0 0 14 0 0 0 0 0 0 0 0 12 18 0 0 0 0 0 7 0 0 0 9 0 0 0 0 9 0 0 19 22 0 0 0 9 0 0 0 0 0 0 0 0 24 0 0 0 0 0 0 0 
0 11 0 24 7 0 0 0 0 0 0 0 0 0 0 0 0 0 7 16 0 22 0 0 24 0 0 0 0 0 0 0 0 0 25 0 0 0 0 0 0 0 0 0 5 0 0 0 0 5 0 0 0 0 0 0 21 0 0 0 0 0 18 22 19 0 0 9 0 0 0 0 0 0 0 0 0 0 0 0 0 10 0 0 7 0 0 0 0 0 0 0 0 0 0 0 0 24 0 5 0 16 0 0 0 0 0 0 19 8 0 24 0 0 0 0 0 0 0 0 0 0 0 0 0 0 0 11 0 0 0 0 20 0 0 0 0 0 0 0 0 0 7 0 0 21 0 0 0 0 0 0 0 0 0 0 0 12 0 0 0 0 0 0 0 20 0 0 0 0 0 0 0 0 0 0 0 6 0 0 0 0 0 0 0 25 0 0 0 0 0 0 0 12 0 0 5 0 8 0 
0 0 16 19 0 0 5 0 16 25 0 0 6 0 0 0 0 0 22 0 0 0 0 0 22 20 0 0 0 18 8 0 0 23 17 10 8 0 10 0 0 16 15 0 11 0 8 0 0 0 0 0 0 0 0 0 0 13 0 12 0 0 13 0 0 0 15 0 0 0 0 0 0 0 0 0 0 0 0 0 25 0 0 0 25 6 0 0 8 0 0 21 17 13 0 0 0 0 0 0 9 0 21 0 15 0 0 0 0 7 17 0 0 0 15 0 0 0 14 0 0 0 19 10 0 0 9 14 0 0 0 0 11 0 0 11 0 0 12 0 0 0 0 0 0 0 0 0 0 23 0 0 0 0 0 23 0 0 0 0 0 0 0 24 24 0 0 0 0 0 0 0 0 0 0 18 0 18 0 0 14 0 0 0 0 0 0 0 0 0 0 0 0 0 0 0 0 0 0 0 
0 12 0 0 17 7 0 0 0 0 0 23 0 0 8 7 0 0 0 0 24 0 0 0 0 25 0 6 11 0 0 0 9 0 0 0 0 0 0 0 0 0 0 0 0 0 0 0 0 0 0 21 0 0 0 0 20 8 25 0 0 0 0 13 0 0 0 0 0 8 0 10 7 0 0 0 0 19 16 0 0 22 14 0 0 0 18 0 18 0 0 0 22 0 0 0 25 0 0 0 0 0 0 0 0 0 0 0 0 0 0 0 0 0 0 0 0 0 0 0 9 0 15 0 0 0 22 0 0 0 0 0 0 16 0 0 0 0 0 0 0 0 0 0 0 0 14 0 0 0 0 0 0 16 25 17 5 0 0 0 0 25 23 0 8 0 0 0 24 10 0 19 0 0 0 22 8 13 0 6 0 0 0 0 0 0 0 17 0 0 0 0 0 21 0 0 22 0 0 0 
0 20 0 0 0 0 0 0 0 0 0 0 0 17 0 0 0 0 0 25 0 0 0 0 0 0 0 0 0 0 0 0 0 0 15 0 0 21 0 0 7 0 0 0 0 0 0 0 0 0 0 6 10 11 0 15 0 0 15 0 11 0 8 0 0 0 0 0 0 0 0 0 0 0 0 19 0 15 0 0 0 0 0 0 0 0 18 0 0 21 13 0 0 0 0 7 0 0 0 0 0 16 0 22 0 0 0 0 11 0 0 0 21 0 8 25 0 0 0 0 0 0 0 12 6 0 0 0 0 0 10 0 0 0 0 0 0 0 24 5 7 13 20 0 0 0 0 8 0 0 5 0 5 0 0 21 0 0 0 5 0 0 24 0 0 18 24 0 19 0 0 0 0 0 0 0 21 16 0 0 19 0 10 0 0 0 0 0 0 0 0 0 0 0 0 0 0 0 0 0 
0 0 22 0 0 0 8 0 21 0 0 0 0 0 0 0 0 0 0 0 0 0 0 0 18 0 7 0 0 14 0 0 0 8 0 0 9 0 23 0 0 0 10 0 0 0 0 0 10 0 12 21 8 0 0 0 0 15 0 0 13 0 17 0 19 0 0 0 0 0 22 11 0 0 6 0 0 9 0 0 0 0 0 18 0 0 0 0 0 0 11 15 0 0 0 0 0 0 0 0 0 16 0 0 15 0 20 0 0 0 0 0 0 0 0 0 0 0 0 0 17 0 0 0 22 0 0 0 0 0 0 16 20 0 0 0 0 0 0 0 0 0 0 0 13 0 0 10 0 0 18 0 0 7 0 0 13 0 0 24 0 0 0 0 0 25 0 0 10 22 0 8 16 0 0 17 0 9 7 0 9 0 0 0 0 0 0 0 0 0 0 17 0 0 25 0 0 0 0 0 
0 0 0 0 0 0 0 0 0 0 0 0 0 25 0 0 0 0 16 0 0 0 0 0 0 0 0 0 0 0 0 0 0 22 0 0 0 0 21 0 0 25 0 21 0 0 0 0 0 0 0 0 0 0 13 0 0 0 7 0 0 0 0 0 0 0 0 0 10 0 0 0 0 0 0 0 0 0 0 0 0 0 22 0 0 0 0 0 0 0 0 0 0 0 19 18 0 0 0 0 0 0 0 14 0 0 0 0 0 0 0 13 0 0 0 0 24 0 0 0 0 0 0 0 0 0 0 0 9 16 0 0 7 0 0 12 0 0 0 0 18 0 0 0 17 12 0 0 0 0 0 0 0 0 0 0 0 0 5 0 0 0 0 7 0 0 7 0 0 0 0 0 20 0 7 0 0 15 0 0 0 0 0 0 0 0 0 0 25 0 21 25 0 0 0 0 0 0 0 0 
20 18 0 15 0 8 0 0 0 0 0 0 15 0 0 0 0 0 5 0 18 0 0 0 0 19 0 0 0 0 0 0 0 0 0 0 0 0 16 0 8 21 13 0 0 25 0 0 0 17 0 19 0 0 0 0 0 12 0 0 8 0 20 0 0 11 0 0 13 0 0 11 0 0 0 0 0 0 0 0 0 0 0 13 0 0 0 0 0 0 0 0 0 0 0 0 0 0 18 23 0 0 18 0 0 0 14 0 0 0 0 0 0 8 0 0 0 0 0 0 0 0 7 0 0 0 0 0 0 0 24 9 0 14 7 0 0 0 0 0 0 0 0 0 25 0 0 21 0 0 0 0 0 24 0 0 0 14 24 0 0 0 6 0 0 13 0 0 0 0 0 0 0 0 15 0 0 0 0 0 0 0 0 7 0 20 0 0 0 0 0 0 10 0 0 0 9 0 0 13 
0 0 0 0 0 0 0 20 18 0 0 0 0 14 10 0 12 0 0 0 0 11 0 0 0 9 0 0 5 0 0 0 0 0 0 0 0 0 0 0 17 15 0 9 0 0 0 0 0 0 22 17 22 0 0 0 0 0 0 0 24 18 0 10 0 0 0 0 23 25 0 0 0 0 17 0 0 16 0 0 0 0 0 0 0 0 0 10 25 0 0 0 0 0 0 0 16 0 10 0 0 0 23 0 19 20 23 11 0 17 22 0 24 8 0 0 8 0 0 0 0 0 0 0 0 0 0 0 0 0 0 0 0 0 22 0 22 7 0 0 0 0 0 11 14 0 0 25 0 13 0 0 20 0 9 0 0 0 0 0 0 0 0 0 0 0 21 0 0 0 0 0 25 11 0 0 0 0 7 0 0 8 0 8 5 0 0 0 0 23 0 0 0 10 0 10 0 0 0 0 
0 10 0 0 18 0 8 0 6 0 0 0 0 23 0 0 0 0 18 0 12 11 0 0 0 0 0 0 0 0 7 16 0 5 9 0 0 14 0 0 0 0 23 0 0 0 0 15 11 0 21 0 0 0 0 17 20 0 0 0 0 0 19 0 0 0 0 0 0 0 18 20 0 13 0 0 0 0 14 0 0 0 0 20 0 0 23 0 0 0 0 7 0 0 0 9 0 0 0 5 0 0 6 0 0 0 0 0 0 0 0 0 0 0 7 0 0 6 0 0 0 0 0 0 0 0 9 0 0 0 0 0 0 0 10 0 0 0 0 19 0 18 0 0 0 13 0 13 0 0 0 18 0 0 18 23 0 0 0 0 15 0 0 22 0 0 22 0 0 16 0 0 5 0 0 0 0 0 21 0 10 0 13 0 0 0 14 6 0 0 0 0 0 0 0 23 0 13 0 0 
0 0 0 0 0 0 0 0 0 0 0 0 0 0 0 16 0 0 18 0 0 0 0 0 0 0 0 6 7 0 0 9 0 0 15 0 0 0 0 0 0 0 0 25 0 0 0 22 24 0 24 0 0 20 16 0 0 19 0 0 0 0 0 0 0 0 0 0 0 0 0 0 5 0 0 0 8 22 0 0 0 23 12 14 0 13 0 0 0 0 0 0 0 21 14 0 0 0 0 0 0 0 0 5 0 0 0 0 0 0 13 0 0 17 0 0 24 0 0 0 19 0 0 8 0 0 19 8 19 0 0 0 0 21 0 5 0 0 0 0 0 0 0 0 0 25 23 0 0 0 11 11 14 0 0 0 5 16 0 24 0 0 0 0 0 5 0 0 13 0 0 15 0 0 17 0 0 0 0 0 0 0 0 0 0 19 0 5 12 0 0 0 15 0 0 0 0 0 0 0 
0 13 0 0 12 0 0 0 0 0 0 0 0 0 0 0 0 0 0 0 0 0 0 0 12 0 0 14 0 0 0 0 7 0 0 22 0 0 0 14 0 0 0 0 0 0 0 0 12 14 0 0 5 0 0 0 5 0 0 0 0 0 5 17 0 0 0 0 5 0 0 9 0 0 0 19 22 0 0 0 13 0 0 0 11 0 0 6 0 0 0 0 0 0 0 0 8 14 0 0 0 0 0 16 0 0 0 0 0 0 0 14 0 0 0 24 0 0 0 18 0 14 22 0 0 0 19 10 0 11 0 0 0 8 0 0 0 8 11 0 0 0 0 0 0 5 0 25 20 24 0 0 0 0 0 9 6 0 0 0 0 0 18 0 0 0 0 0 0 0 0 19 0 0 0 10 0 0 6 15 0 0 0 0 0 0 0 0 0 5 0 0 0 0 0 20 0 0 12 0 
0 0 13 7 0 0 0 0 0 0 13 0 0 0 0 0 0 15 0 6 0 0 0 0 0 11 0 0 0 0 22 0 0 0 21 0 0 0 10 14 0 0 19 0 8 0 0 9 0 0 0 16 0 8 5 0 0 0 22 0 0 0 0 0 23 0 0 6 0 0 21 0 15 0 0 0 0 0 0 0 0 0 0 0 0 0 0 8 0 0 0 0 13 10 10 0 0 0 23 0 6 0 8 0 0 0 18 0 0 0 0 0 0 0 0 0 0 17 0 0 0 0 0 0 7 0 0 0 0 0 0 0 16 0 0 0 0 21 0 0 0 0 0 0 0 0 0 0 16 0 12 0 0 15 0 16 0 0 0 23 0 22 0 16 24 0 0 0 18 0 0 0 0 0 0 0 0 0 0 0 16 0 0 0 0 0 0 0 25 15 0 0 0 0 0 0 22 0 0 0 
0 0 22 0 0 12 0 7 0 0 0 0 0 0 0 0 0 0 0 0 0 0 0 24 0 0 0 0 0 0 19 0 7 11 0 0 0 0 0 0 0 0 0 8 0 0 0 0 5 0 0 21 0 0 0 0 0 0 0 16 0 0 14 0 0 0 0 0 0 0 12 0 0 16 0 0 0 0 0 0 0 0 0 23 0 0 0 0 0 11 0 0 0 0 14 0 0 0 11 19 0 0 0 0 0 0 0 0 15 0 0 0 0 0 23 0 21 0 0 0 0 0 8 0 0 0 0 0 25 0 8 22 0 21 0 0 0 0 0 6 0 0 0 0 0 0 0 0 22 12 21 0 21 0 0 0 0 10 0 0 0 0 0 0 15 0 16 0 0 23 0 0 0 0 13 0 0 8 0 18 24 0 0 0 0 0 7 0 0 0 0 0 0 0 0 0 11 0 0 0 
0 0 0 0 0 0 0 0 0 0 14 14 12 0 0 0 15 0 21 0 0 24 0 0 0 0 0 0 0 5 0 0 25 0 16 0 0 14 0 0 0 23 0 11 0 0 18 0 6 24 17 0 0 0 0 0 0 0 15 0 0 0 0 0 0 0 0 0 0 8 0 0 5 0 10 0 0 0 0 0 0 19 12 25 0 0 0 0 15 0 0 0 20 0 0 0 0 17 12 17 0 0 25 0 0 0 18 0 6 20 0 0 20 0 23 0 0 0 0 8 23 20 20 0 17 0 0 0 0 0 0 0 0 0 0 13 0 0 0 0 0 0 0 6 0 0 0 0 10 0 0 0 0 0 17 0 0 0 10 0 24 0 0 20 0 0 21 0 11 0 0 0 6 0 0 0 0 0 0 0 0 0 0 0 5 0 0 0 0 0 0 16 9 0 0 0 22 0 0 0 
0 12 0 16 0 0 6 0 0 0 0 0 0 0 16 0 0 11 0 0 0 0 0 0 0 0 16 0 0 0 0 7 0 17 0 0 0 7 0 0 0 0 17 15 0 0 0 0 0 0 0 11 0 22 21 18 0 13 0 0 0 0 0 5 0 16 10 0 0 17 0 0 0 0 20 0 18 0 0 5 0 0 14 0 9 0 23 0 0 0 9 18 0 15 0 11 0 0 0 0 16 0 0 0 12 0 7 0 0 20 0 7 0 0 0 0 0 19 0 0 0 0 0 0 0 0 5 17 0 0 6 0 0 0 0 0 0 0 0 0 0 6 0 0 0 0 20 0 0 0 8 0 21 24 8 24 0 0 0 0 16 24 0 0 0 0 0 0 12 0 23 9 14 0 0 0 0 0 17 20 0 0 6 0 0 0 7 15 22 0 7 0 0 11 0 0 0 0 0 0 
0 18 0 18 0 0 0 17 0 0 0 6 0 0 0 0 0 0 0 0 0 0 0 6 0 0 0 0 0 25 0 0 0 0 0 10 0 0 0 0 24 0 0 0 16 0 23 0 0 0 16 0 0 0 0 0 10 0 0 0 0 0 15 0 17 0 0 5 0 9 0 0 0 0 0 12 0 15 0 0 0 0 10 0 7 0 0 0 20 0 24 0 18 19 21 0 0 0 0 0 0 6 0 0 0 19 25 0 0 0 0 6 0 0 0 0 0 16 0 0 0 0 0 0 0 0 0 0 0 17 0 0 0 16 0 0 0 0 17 15 12 0 0 0 0 0 21 0 0 0 0 0 0 0 0 7 0 0 7 0 16 0 0 0 0 0 0 6 0 18 0 0 0 0 0 0 21 0 0 0 0 0 18 25 0 0 0 0 0 0 0 0 22 0 0 0 0 0 23 0 
0 0 0 0 0 0 21 0 0 0 0 8 0 0 0 23 0 18 0 0 0 0 0 0 0 0 10 0 0 16 0 0 8 13 0 0 21 13 0 0 0 0 0 0 0 0 5 0 0 0 0 0 0 0 0 0 0 0 0 0 0 14 0 24 0 0 0 0 24 0 22 0 0 0 0 15 17 0 0 0 0 0 0 6 0 0 0 0 5 0 6 18 0 0 0 0 8 0 0 0 0 25 25 0 19 0 0 0 0 0 0 0 0 0 0 0 0 17 0 0 0 0 0 0 10 0 6 0 17 0 0 0 0 6 25 13 0 15 0 0 0 0 0 0 15 0 0 24 0 0 0 0 9 0 21 17 17 0 0 0 0 13 0 0 12 0 0 0 0 0 0 11 0 0 0 0 0 0 24 0 0 0 0 20 0 18 0 0 0 0 5 0 10 7 0 0 0 0 0 0 
0 0 0 0 0 0 0 0 0 0 0 0 0 6 0 0 0 0 0 0 0 14 0 24 0 20 0 0 0 0 0 9 0 0 0 0 0 0 0 0 0 0 9 20 0 0 0 21 0 18 0 21 0 0 0 0 21 17 0 0 0 0 0 0 0 0 0 0 21 0 0 0 0 0 13 0 0 24 0 0 0 25 0 0 0 0 0 22 0 0 0 0 0 0 17 10 0 0 0 0 0 9 7 0 0 19 0 0 5 0 14 0 0 0 0 0 0 0 5 0 14 0 0 0 0 0 0 0 14 0 0 0 0 0 0 5 0 14 0 0 0 0 15 0 0 0 0 0 15 16 0 0 0 25 0 0 0 0 0 0 0 0 0 5 0 0 0 0 6 15 0 0 0 0 0 21 0 0 0 9 0 23 0 22 0 0 0 0 0 18 0 25 0 0 13 24 0 0 13 0 
0 0 0 0 0 0 9 7 0 0 0 0 0 19 23 20 0 0 13 0 0 0 0 16 0 0 0 0 18 0 0 18 0 0 0 9 0 12 22 0 0 13 0 5 0 11 0 0 14 0 0 5 13 0 20 0 0 19 0 0 0 0 0 8 15 9 0 0 13 0 15 23 0 22 0 0 0 0 0 0 0 20 0 0 0 0 0 16 0 0 0 0 0 23 13 0 0 0 18 0 17 0 14 0 0 13 0 0 0 0 0 9 22 0 11 0 0 8 0 0 0 0 0 0 0 0 0 0 0 15 14 0 0 0 0 0 0 0 14 17 0 0 23 0 0 0 0 16 10 8 24 8 22 0 0 0 0 0 16 0 0 0 0 0 0 5 0 0 18 0 0 0 0 0 0 0 0 0 0 0 11 0 0 6 0 0 0 0 0 0 0 11 0 0 0 0 0 0 0 16 
0 25 0 0 0 0 8 0 22 0 24 0 0 0 0 0 24 0 0 0 0 0 0 0 16 0 0 0 18 17 0 0 0 7 0 25 0 0 0 0 0 0 0 0 0 0 0 0 0 0 0 12 0 7 0 0 0 0 0 0 0 0 0 0 15 0 0 0 21 20 0 22 0 0 0 21 0 0 15 0 0 0 0 23 0 11 0 0 0 0 0 0 0 0 11 0 21 0 0 6 0 0 7 0 0 0 0 15 9 0 0 0 0 0 5 0 0 20 0 0 13 0 0 0 22 0 0 0 15 0 0 0 0 17 19 0 0 0 0 25 0 23 0 0 9 0 0 0 0 0 0 0 0 14 0 0 12 18 9 10 0 0 0 0 0 14 0 0 19 9 0 0 0 0 0 0 0 0 0 6 0 6 0 0 0 0 0 0 5 17 0 0 0 11 17 0 0 0 0 0 
0 0 0 0 0 22 18 12 0 11 0 0 17 21 0 0 0 0 7 0 20 13 0 0 0 0 0 0 0 0 0 0 0 24 0 0 0 0 0 0 0 10 0 25 0 0 0 24 0 0 17 0 0 0 0 0 14 14 0 0 0 16 22 14 0 0 22 0 0 0 0 0 0 22 0 0 0 0 0 16 0 0 7 0 0 0 0 0 0 13 0 13 0 0 25 0 5 0 0 0 6 21 14 0 8 0 0 0 0 0 23 0 19 0 7 0 7 21 0 0 14 25 0 19 0 0 0 0 0 0 0 0 24 6 0 15 0 25 0 0 0 0 0 0 0 0 0 0 0 13 17 0 8 0 0 0 0 0 0 16 0 0 0 0 0 25 0 0 0 0 0 0 25 0 22 22 0 0 0 0 9 0 0 11 8 12 15 0 0 0 15 0 0 25 0 0 0 0 13 0 
0 22 0 22 0 0 9 23 0 16 0 21 0 0 0 0 0 0 20 23 0 0 17 0 0 8 0 0 0 24 14 10 0 0 0 0 0 0 0 0 0 5 9 12 10 0 0 0 12 0 0 0 0 0 0 0 0 21 0 7 0 0 0 0 0 0 6 9 0 0 21 0 7 0 23 0 0 0 23 0 15 0 10 0 0 0 13 0 5 0 0 0 0 0 0 0 7 12 0 0 0 0 0 24 0 0 15 0 0 6 0 8 0 0 0 0 17 19 0 0 8 0 10 10 25 0 0 0 0 19 0 11 0 0 0 19 11 0 0 0 0 6 0 5 13 0 0 0 8 23 0 0 0 0 0 0 0 0 0 18 0 8 0 5 0 19 0 11 0 0 16 0 8 0 0 0 20 0 0 0 17 0 0 0 14 20 0 16 0 0 22 0 0 0 0 0 0 5 0 0 
0 0 0 0 0 23 0 0 0 5 0 0 0 0 20 0 25 0 0 0 11 0 0 0 0 0 0 0 5 19 0 0 0 0 0 0 0 0 0 23 0 0 0 0 11 0 0 0 0 0 0 0 10 0 0 9 9 20 21 0 23 0 0 0 0 20 0 0 0 0 0 0 0 23 0 6 0 0 17 0 0 0 0 0 20 0 0 0 0 0 22 6 0 18 0 0 0 5 17 0 0 0 0 0 14 22 0 0 0 0 0 0 0 0 6 0 14 0 0 0 17 8 0 0 0 10 0 0 0 0 0 0 0 0 20 0 0 0 0 0 0 0 5 0 23 0 0 0 13 0 0 0 0 0 0 0 0 0 0 12 0 0 16 0 0 0 23 0 5 17 0 17 0 0 24 24 0 0 0 0 0 0 0 0 9 7 0 24 0 0 11 0 0 0 0 0 0 0 0 0 
0 0 0 0 0 5 0 0 0 0 0 0 10 0 0 0 0 0 0 0 0 0 11 0 0 0 0 0 0 0 0 15 24 0 0 0 0 0 0 0 21 23 12 0 19 0 0 5 0 0 0 0 0 21 17 13 0 25 0 0 0 0 14 0 0 0 0 0 16 0 0 0 15 0 0 0 13 0 0 0 13 0 6 0 19 25 21 0 0 0 19 0 0 0 0 0 0 0 0 9 0 0 14 0 0 13 6 11 0 0 18 14 22 0 0 0 21 7 14 0 13 19 13 0 0 24 0 0 0 0 0 0 12 21 0 0 5 0 0 0 20 0 0 8 0 0 0 0 0 21 25 0 17 0 0 19 15 23 0 0 0 0 21 0 0 0 0 0 0 0 0 0 0 0 0 0 0 24 0 25 24 0 0 22 0 0 0 0 0 0 0 9 9 0 0 0 16 0 0 0 
0 0 0 20 0 10 0 0 6 0 0 0 0 11 0 0 0 0 0 0 0 0 13 0 0 0 0 0 0 0 0 0 0 24 17 0 0 0 0 0 0 13 0 22 0 0 0 0 0 16 0 0 9 0 0 0 24 0 0 16 10 0 0 0 0 0 0 21 0 0 12 0 0 25 5 0 0 11 0 16 0 17 0 0 0 0 0 0 0 0 0 0 0 6 13 0 0 0 0 6 0 0 9 0 0 0 0 10 0 14 0 0 0 0 0 0 22 9 25 0 0 0 15 0 0 0 0 0 10 0 0 9 0 0 16 0 0 0 0 11 0 0 0 0 0 0 0 0 0 8 6 0 0 0 0 18 0 0 0 0 0 0 0 0 0 0 0 0 0 13 0 0 0 0 0 0 0 0 0 15 0 0 0 18 0 0 0 0 0 0 0 0 22 0 0 0 14 13 0 0 
7 0 0 5 0 6 0 0 12 0 19 0 0 0 0 25 0 0 0 0 24 0 0 0 0 0 0 12 0 0 0 0 0 22 0 0 0 0 0 0 0 0 0 0 0 0 0 0 5 0 0 0 0 19 0 0 0 0 0 0 23 0 0 0 0 11 0 0 0 0 0 0 0 0 0 0 0 0 0 0 22 0 0 12 0 0 0 0 13 0 8 0 0 22 5 0 15 0 0 6 0 19 0 20 0 0 7 0 22 19 0 20 19 0 0 0 0 0 0 0 0 0 0 0 0 0 0 0 0 25 0 0 19 0 21 0 0 0 6 0 14 0 0 0 23 0 0 22 15 0 0 0 0 0 10 0 0 0 0 18 0 25 19 0 20 0 0 0 0 0 7 0 0 0 24 0 8 0 0 0 0 0 0 11 0 0 0 0 0 0 0 0 6 0 0 0 0 0 25 0 
0 0 0 21 0 0 0 0 0 0 13 0 0 0 0 21 0 0 17 0 6 0 0 0 0 0 0 0 0 0 24 0 0 0 0 0 0 0 0 0 0 0 0 19 12 0 13 0 0 0 0 0 0 0 0 10 0 0 9 0 0 16 8 0 0 0 0 0 0 11 0 24 0 0 0 0 7 0 0 0 0 13 0 0 0 21 0 0 16 0 0 0 0 0 0 0 0 0 12 0 0 0 12 15 0 0 0 0 0 0 0 10 22 0 0 0 0 17 0 25 0 0 12 15 0 0 0 0 15 0 0 0 0 0 0 0 0 0 0 0 22 0 0 0 0 21 12 0 0 13 0 0 0 0 0 0 0 0 16 11 20 0 0 0 9 0 0 0 0 0 14 0 0 0 0 19 0 0 0 0 0 0 23 0 0 0 11 6 0 0 0 0 22 8 0 0 0 12 25 0 
19 0 0 0 0 0 0 0 16 0 25 20 0 0 13 0 0 0 7 20 0 18 0 0 0 0 0 0 16 22 0 0 0 25 0 0 0 0 14 0 14 0 0 0 0 0 0 0 0 0 0 6 0 0 0 0 0 0 0 0 0 25 0 0 0 0 17 0 0 0 0 0 0 10 0 0 15 6 14 0 6 0 0 0 14 0 24 11 0 0 0 0 0 0 0 0 0 0 13 0 0 0 8 0 0 10 0 0 0 0 0 0 0 0 0 0 0 0 0 0 0 17 0 0 0 0 0 0 0 0 6 0 18 0 17 0 0 0 0 0 0 11 0 0 0 0 6 0 0 0 0 10 0 0 5 0 0 0 7 21 0 0 0 0 0 7 20 0 0 0 0 23 0 0 0 23 0 18 0 0 0 13 0 0 0 20 0 0 0 21 0 0 0 0 15 0 0 0 0 0 
0 0 0 15 25 22 0 9 0 0 0 0 0 6 0 5 0 0 0 0 0 0 0 0 0 0 15 0 0 0 0 0 0 0 0 0 0 0 0 0 19 22 0 0 25 0 16 0 0 0 0 16 10 0 23 0 0 0 0 9 23 0 0 0 0 0 0 0 0 11 0 0 0 0 19 0 0 0 0 0 0 0 0 25 0 0 0 0 10 0 0 0 0 25 0 0 0 18 18 0 0 11 21 0 0 0 5 0 11 0 0 0 0 24 0 0 0 21 0 0 0 0 0 14 0 13 0 0 0 17 0 0 0 0 0 7 22 0 0 0 0 14 18 0 0 0 0 24 6 0 19 0 0 7 0 24 0 20 10 0 0 0 0 0 22 9 0 6 0 0 0 0 24 10 14 0 0 0 0 0 0 0 0 18 0 0 0 0 0 11 16 0 13 0 0 0 0 0 21 0 
0 0 15 0 0 0 0 0 19 21 0 0 5 0 0 0 0 9 23 0 0 0 0 0 0 0 0 0 8 16 0 0 0 0 22 0 14 0 0 0 0 0 0 20 0 23 0 0 0 20 0 20 0 23 0 0 0 10 0 0 0 0 0 23 0 0 0 6 0 21 0 0 0 0 18 22 0 0 0 7 0 0 18 0 0 0 0 7 0 17 17 23 0 0 0 0 0 14 0 0 7 21 23 0 0 21 7 14 0 0 0 6 0 7 0 0 0 0 0 0 0 24 0 0 6 9 0 0 0 0 0 0 0 0 0 0 0 0 0 0 25 0 0 0 0 0 0 0 0 0 9 0 0 0 0 0 0 0 15 0 0 0 0 0 0 0 15 0 0 0 0 0 10 0 0 0 0 0 0 0 0 14 14 0 0 0 0 0 12 0 0 0 0 0 0 0 0 0 0 0 
0 23 7 19 0 20 0 19 0 0 0 0 25 8 0 0 0 0 0 9 0 11 0 0 0 0 0 0 25 22 0 16 0 0 0 24 0 0 0 0 24 0 17 0 0 0 16 0 21 0 0 24 0 0 0 0 0 22 0 0 0 10 0 0 0 0 0 0 0 0 0 19 0 0 25 0 0 0 0 0 0 9 0 0 0 13 14 0 0 0 0 0 0 17 0 0 23 0 0 21 0 19 0 0 0 0 18 0 0 0 0 22 7 6 0 14 0 0 0 0 19 0 0 0 0 17 0 0 0 0 0 7 0 0 0 0 10 0 8 0 0 20 0 0 15 0 0 0 0 0 16 8 0 21 0 0 0 0 12 24 0 0 14 0 13 0 7 0 0 0 0 0 17 0 0 6 0 8 5 0 0 9 0 20 0 0 0 0 22 0 0 20 0 0 11 0 22 0 0 0 
0 0 24 0 0 0 0 0 0 13 0 20 0 24 0 0 0 0 8 0 0 0 13 10 0 0 0 8 0 0 19 0 0 10 21 0 0 11 17 0 0 0 24 15 0 0 0 0 0 0 0 0 13 0 6 0 0 0 0 14 0 5 0 0 0 0 0 14 0 17 0 21 0 13 0 0 12 19 6 0 0 0 12 0 0 0 5 0 0 0 12 0 0 0 9 0 0 0 0 0 0 8 0 11 0 11 23 0 0 0 0 0 0 0 0 0 0 0 12 0 0 0 15 0 0 0 0 0 0 0 0 0 0 24 0 0 0 0 0 0 0 13 0 17 0 14 0 0 19 0 0 11 0 0 0 0 0 0 0 0 0 0 0 0 0 0 15 0 7 0 0 0 0 0 0 21 9 0 0 0 0 0 11 0 0 0 0 11 0 0 0 16 0 0 0 0 0 10 0 0 
25 0 0 0 8 0 0 0 0 0 0 0 11 7 0 0 0 0 0 0 0 0 0 0 0 0 0 0 12 0 0 0 0 0 0 0 0 0 0 0 10 0 0 0 0 0 0 0 0 21 13 18 0 0 9 0 0 0 0 15 0 0 0 0 0 0 0 0 0 0 0 0 16 0 0 0 6 16 22 0 17 20 0 16 0 0 0 11 0 0 5 0 25 0 0 0 0 0 0 8 0 5 0 12 5 16 0 0 23 0 0 0 0 0 12 14 0 0 0 23 0 0 0 20 0 18 0 0 0 0 0 11 0 0 0 0 0 0 0 0 0 0 24 0 10 0 0 20 0 16 0 0 0 25 5 0 22 0 0 0 0 12 0 18 19 13 11 0 0 0 0 0 0 0 0 25 0 0 18 16 0 0 0 0 24 17 11 0 18 0 0 0 0 0 0 0 0 24 25 0 
5 0 0 0 0 7 5 0 0 0 0 0 0 0 19 0 0 13 9 0 0 24 12 0 0 0 0 0 0 0 0 0 0 0 0 0 23 21 9 0 0 0 0 0 0 0 13 10 0 0 0 0 0 16 0 0 0 8 0 0 24 0 0 0 0 17 0 0 0 0 0 19 0 19 0 0 0 12 0 0 0 0 17 21 0 0 0 0 0 0 0 0 0 0 0 0 5 0 0 6 0 0 0 0 0 20 0 0 23 0 0 0 0 0 0 0 0 0 0 0 0 0 0 7 0 0 0 14 0 22 0 0 0 0 0 0 25 21 0 0 0 24 0 14 0 0 15 14 12 0 0 0 0 16 20 0 0 0 10 0 0 0 0 0 0 0 0 0 12 0 16 0 0 0 0 0 0 0 0 0 5 0 0 0 0 0 0 25 0 0 0 25 0 0 0 0 0 0 25 0 
0 23 0 0 14 0 0 0 0 0 0 0 0 0 0 24 16 0 9 0 20 0 16 0 0 0 0 0 0 6 12 0 0 24 17 0 0 22 0 0 0 0 23 0 0 0 22 17 0 0 0 0 0 0 0 0 0 0 0 0 0 0 0 0 0 0 14 0 0 0 0 0 0 0 0 7 0 0 0 0 0 0 0 20 0 0 0 0 0 0 0 0 0 10 22 0 0 0 0 0 0 0 0 0 0 0 0 0 0 0 6 0 19 0 0 0 0 0 0 0 0 0 0 0 0 16 0 0 24 0 14 6 20 11 0 6 10 0 0 12 0 0 0 0 0 0 6 19 0 0 14 0 0 0 0 0 0 0 0 0 0 0 0 0 23 0 24 0 0 19 0 0 0 0 0 0 0 0 20 0 21 0 0 12 18 8 0 0 0 0 0 0 20 0 0 0 21 0 0 0 
0 0 7 0 0 0 12 0 0 0 0 0 0 0 18 0 0 14 12 0 15 0 12 12 10 6 0 0 0 0 16 12 0 0 18 0 9 13 14 24 0 0 0 0 0 16 7 24 0 0 0 5 5 0 0 0 22 0 0 0 0 0 10 24 6 0 16 7 0 19 0 0 0 0 0 0 0 0 0 0 9 0 0 0 23 0 0 0 24 0 0 23 0 15 0 0 14 0 0 0 0 0 0 0 0 14 0 11 9 0 0 0 0 0 0 7 8 0 0 0 0 0 23 0 0 0 16 7 0 0 6 13 0 0 0 0 16 20 8 0 0 0 0 0 0 0 0 0 19 0 0 15 22 9 0 0 0 0 0 6 0 0 11 6 0 0 0 0 10 24 19 17 12 0 0 0 14 0 23 0 17 0 0 18 0 0 0 17 0 0 10 0 0 0 24 0 0 0 0 0 
0 14 0 0 0 0 10 0 0 0 25 0 16 24 0 0 0 0 0 22 6 0 0 0 0 0 0 0 0 0 0 0 18 0 0 0 0 0 0 0 0 0 0 0 5 0 15 0 15 0 0 0 8 0 0 18 0 0 0 6 0 0 24 0 0 0 8 0 0 0 0 0 0 0 0 0 0 0 0 0 0 0 6 0 24 0 0 0 0 15 0 11 18 8 0 0 0 10 0 22 0 0 0 0 0 8 0 0 0 20 0 0 0 0 12 0 15 0 0 0 0 0 0 17 0 0 0 0 0 0 0 0 0 0 0 0 0 5 19 15 0 10 0 0 0 0 7 17 0 0 0 0 0 0 5 18 0 0 0 0 0 0 0 0 0 0 11 25 0 0 8 19 0 0 25 0 0 0 0 0 0 0 0 0 0 16 12 0 0 0 0 0 0 0 0 21 0 0 15 0 
9 0 23 0 0 0 0 0 0 0 20 0 0 13 7 14 0 0 0 0 0 25 0 0 0 0 0 0 0 0 0 0 0 0 18 0 0 16 0 0 8 0 0 0 0 0 8 0 0 8 5 16 0 0 0 9 13 0 0 0 0 0 0 0 0 0 0 0 0 0 0 19 0 0 18 0 0 19 0 15 18 0 0 13 0 0 0 0 0 0 0 0 16 0 0 0 0 0 0 0 0 0 0 0 0 0 0 0 24 0 0 0 13 0 0 0 0 14 0 18 0 0 0 0 0 8 0 0 0 18 0 0 0 0 0 12 10 0 21 0 0 0 24 0 0 0 13 11 0 11 0 0 0 0 0 0 0 10 0 0 0 0 0 13 0 0 0 0 0 0 0 0 0 0 0 5 0 0 0 21 0 6 0 24 0 0 0 11 0 0 0 0 0 0 0 0 0 0 0 22 
25 0 0 9 19 0 25 0 0 0 0 0 0 24 0 0 0 0 0 0 17 0 0 0 0 0 0 0 0 0 0 0 0 0 0 11 6 0 0 0 23 8 0 9 0 7 7 0 0 0 0 0 6 0 0 0 17 0 0 0 0 0 0 0 0 0 0 0 8 0 5 5 0 0 0 0 0 0 0 20 0 0 0 0 0 0 7 0 7 0 0 0 0 0 0 0 0 0 0 0 13 0 0 0 0 6 0 0 0 0 0 0 16 0 0 0 0 0 15 0 0 0 7 0 0 0 0 9 0 0 0 24 0 0 0 0 0 0 0 0 0 5 13 0 0 19 0 0 0 0 0 0 9 0 0 0 0 0 0 19 0 0 20 0 0 0 0 24 0 0 0 0 0 0 0 16 0 0 0 0 0 0 0 0 0 22 0 17 0 15 0 0 0 0 18 0 0 0 0 0 
0 0 0 0 0 25 23 0 0 0 0 0 0 0 0 0 0 0 17 0 0 0 0 0 17 0 0 8 0 0 0 0 0 0 0 0 0 0 0 0 0 0 0 0 7 0 5 10 0 0 22 0 0 0 0 0 0 0 0 0 0 0 0 0 0 0 0 0 0 6 7 0 0 0 25 23 0 0 0 0 7 0 0 0 22 0 20 7 0 0 0 0 0 0 14 0 0 11 0 10 0 0 0 0 0 0 0 0 0 0 5 7 0 20 0 0 0 12 0 0 0 6 0 0 20 0 0 0 24 0 25 21 0 25 0 0 0 0 0 0 0 0 0 0 5 0 18 0 0 0 0 0 0 13 5 0 0 0 20 0 22 0 13 0 0 20 0 0 0 13 0 25 10 0 0 0 0 0 0 0 0 7 20 0 0 19 0 0 21 0 0 0 16 0 0 0 0 0 25 0 
0 0 0 0 0 24 0 0 0 10 0 0 0 0 0 0 7 0 25 0 0 0 19 0 23 17 0 0 9 0 0 0 0 0 7 0 19 0 0 0 7 0 0 0 0 0 0 0 0 0 0 0 6 10 0 0 0 0 0 0 0 0 0 0 13 22 0 0 0 0 0 6 0 0 0 23 21 0 0 0 0 14 0 0 0 0 0 20 0 0 0 0 0 0 24 0 0 0 0 0 0 0 0 0 14 0 0 9 0 0 0 0 0 14 7 10 0 6 0 0 0 9 0 8 0 0 22 0 10 0 0 0 0 0 0 0 0 0 0 0 15 0 0 16 0 16 0 17 0 0 10 11 0 0 0 0 0 0 0 15 0 0 25 0 0 16 0 0 0 0 0 0 0 0 0 7 0 0 0 15 7 0 0 9 0 0 0 0 0 0 0 0 19 10 0 0 0 0 0 0 
11 0 0 0 12 0 6 0 0 0 8 0 0 0 0 0 15 0 0 0 0 0 0 0 0 0 0 11 0 0 0 0 0 10 16 0 0 0 17 20 0 20 0 0 0 0 25 0 0 0 0 0 0 0 0 0 0 0 0 21 0 14 0 0 0 0 25 0 0 0 25 0 0 0 0 0 6 0 23 0 22 0 0 0 0 0 0 6 13 0 0 0 0 0 0 0 0 0 0 14 0 0 0 8 0 18 0 0 0 16 0 14 0 0 0 0 0 0 0 8 0 0 0 0 0 0 0 0 0 0 24 0 0 0 0 0 0 0 0 5 17 8 0 0 0 0 6 9 0 0 0 0 0 0 0 0 0 0 10 0 0 0 0 0 0 0 16 0 6 0 0 16 0 0 0 0 0 0 0 0 0 0 0 0 11 0 0 0 0 14 10 0 0 14 9 20 15 0 0 0 
24 0 0 13 0 0 0 0 0 0 14 25 16 0 0 19 5 0 0 11 19 0 0 0 21 0 0 0 0 0 6 0 0 0 20 0 0 0 0 0 17 13 0 0 0 0 0 0 17 7 0 0 19 0 0 0 6 0 7 0 0 0 0 10 0 0 0 10 0 12 0 0 0 0 0 0 0 0 24 0 7 0 0 0 0 0 0 0 11 0 0 0 0 0 0 0 0 0 0 22 15 0 0 0 0 0 8 0 0 0 0 0 9 5 0 0 0 21 0 0 0 0 0 0 0 6 0 0 20 0 0 0 0 14 0 17 0 0 14 11 0 0 13 0 15 0 5 0 0 0 0 17 0 0 0 0 0 0 0 0 0 0 17 0 21 0 0 0 10 0 15 0 0 0 0 0 11 0 0 0 0 0 0 0 17 0 0 0 0 0 0 0 17 0 0 0 14 0 25 0 
0 0 22 17 0 0 0 0 0 0 0 0 0 13 0 0 9 14 23 0 0 0 0 21 0 0 0 20 0 0 0 0 0 0 0 11 0 0 0 0 0 19 0 22 17 0 0 0 0 9 0 10 0 0 23 0 0 18 0 22 0 0 0 0 7 0 0 0 0 0 0 21 0 0 5 0 0 15 0 0 5 9 0 0 21 0 0 0 0 0 16 0 0 0 0 18 0 0 0 0 0 0 0 0 18 0 0 0 14 18 0 22 0 0 23 0 11 0 0 0 0 0 0 11 0 0 0 0 0 0 0 0 0 0 0 0 0 0 0 0 0 11 0 0 0 0 0 14 0 15 0 0 22 0 13 0 0 8 0 8 0 25 0 0 0 0 0 0 16 21 18 15 0 0 6 0 0 0 0 0 0 20 0 0 0 0 0 16 0 0 0 0 0 25 15 17 17 0 0 17 
0 0 0 0 0 0 0 0 0 0 0 0 0 0 14 0 0 0 23 12 22 7 0 0 16 9 0 0 0 8 0 0 0 0 0 0 0 0 0 0 0 21 0 0 19 0 0 0 0 0 8 0 5 0 0 0 11 0 20 0 11 12 0 20 0 0 9 0 0 0 0 0 0 0 0 0 0 0 0 0 14 25 21 0 0 0 23 0 0 0 0 0 17 0 7 0 0 0 0 0 0 20 0 0 12 0 0 0 0 0 0 0 12 15 0 0 0 9 0 0 0 0 16 0 0 0 24 0 0 0 0 0 0 0 0 20 0 22 0 0 0 0 10 0 13 0 0 0 0 0 15 0 0 0 0 0 0 0 0 0 0 21 0 0 0 0 0 0 0 0 0 12 0 0 0 0 0 0 0 0 0 18 23 0 0 0 0 14 0 0 0 12 0 0 0 0 0 0 20 0 
0 0 0 17 10 0 0 0 0 0 11 0 0 0 0 0 0 0 24 0 0 0 9 19 0 0 0 0 0 0 17 0 25 0 24 0 0 23 0 8 0 0 0 0 0 0 0 0 0 0 0 0 0 20 0 20 0 0 14 0 0 0 11 0 21 0 18 0 0 0 0 20 10 0 0 15 0 0 0 0 22 0 0 0 0 21 18 0 0 0 0 0 0 0 0 0 11 0 0 0 0 15 0 0 16 0 0 6 0 0 0 0 0 0 16 0 21 0 0 0 0 0 0 0 11 0 16 20 8 14 0 0 0 0 0 24 0 12 14 0 0 0 0 0 0 0 0 0 6 0 19 0 24 0 0 0 7 15 0 23 0 0 20 0 0 0 0 0 14 0 0 19 0 11 17 9 0 0 0 0 15 6 0 0 0 0 0 0 0 0 0 0 0 0 0 0 18 0 0 0 
0 14 11 0 20 0 0 0 0 0 0 0 9 0 0 14 0 0 0 0 20 6 0 6 6 0 0 0 0 0 0 0 0 0 0 0 0 13 0 0 0 0 0 0 0 0 0 22 0 0 0 0 0 20 0 11 19 0 0 0 0 0 0 0 12 0 23 0 0 0 0 24 0 0 0 0 22 0 0 11 0 12 0 0 0 0 0 22 6 0 0 0 0 9 0 22 18 0 0 0 0 0 0 0 0 0 0 0 0 0 0 0 15 0 0 0 0 0 0 23 0 0 25 0 0 25 0 0 18 0 0 0 0 0 0 0 19 9 0 0 0 0 0 6 0 0 15 8 18 0 9 0 10 0 0 0 0 0 0 0 0 19 0 0 17 0 0 0 0 23 0 0 0 6 19 0 23 23 15 0 8 0 25 20 0 0 18 15 0 0 0 0 0 22 0 0 0 0 0 21 
0 0 0 22 0 0 0 0 0 0 0 0 13 0 14 0 0 9 0 0 0 0 0 0 0 0 0 17 18 0 0 20 0 0 21 0 0 0 0 16 0 0 0 0 0 0 15 0 0 0 18 9 0 0 0 8 11 0 0 0 18 0 0 11 5 0 0 25 7 0 0 0 0 7 11 0 0 0 0 0 0 18 0 0 0 12 0 23 0 0 0 0 11 0 0 0 11 0 0 0 20 0 0 0 6 0 7 0 0 0 0 0 0 15 0 0 22 0 15 0 0 0 0 0 0 0 17 0 0 0 0 13 17 19 0 0 0 0 0 24 0 6 7 0 0 0 6 0 0 21 22 0 0 0 0 0 0 0 20 11 0 0 0 0 0 5 0 0 0 0 0 0 0 0 0 0 0 0 0 0 0 0 0 0 0 0 0 0 0 0 0 0 0 0 14 0 0 0 0 6 
0 15 0 0 23 0 15 0 0 0 19 0 0 6 6 0 0 0 5 19 0 0 0 0 0 0 0 0 0 0 7 0 0 0 0 0 0 0 0 0 0 0 0 0 0 0 7 0 0 0 15 0 0 0 0 0 13 10 10 0 0 6 0 0 9 0 0 21 0 15 21 0 15 0 0 0 0 8 21 0 0 20 0 0 23 0 9 0 0 13 0 0 0 0 0 0 0 11 21 5 14 23 0 0 15 15 0 0 0 23 0 5 14 0 0 6 0 0 0 0 0 0 0 11 0 0 0 0 13 0 0 21 0 0 0 0 0 14 0 0 0 0 0 0 0 0 0 0 0 10 10 0 0 0 25 0 0 0 22 0 24 0 0 19 0 15 18 0 7 0 0 0 10 0 0 0 0 0 7 13 14 0 0 0 0 0 20 21 0 0 15 0 0 0 0 18 0 0 0 24 
0 0 0 19 21 0 0 8 0 0 0 11 11 0 0 0 0 0 0 0 0 0 0 21 0 22 0 0 0 0 0 23 0 0 0 0 13 22 5 0 0 0 0 0 0 24 0 0 20 20 0 0 0 10 20 0 0 0 0 12 6 25 0 0 0 0 0 0 9 0 0 0 0 0 0 0 15 0 12 0 0 0 0 0 0 0 0 0 0 0 0 0 0 0 0 0 0 0 0 20 0 0 0 0 0 0 0 0 0 0 0 0 5 0 0 19 25 23 0 10 0 24 0 0 0 0 0 12 0 17 0 0 0 17 18 0 20 0 0 0 0 0 0 0 0 0 18 0 20 0 8 0 0 0 16 0 0 0 15 0 0 17 5 0 0 0 11 9 19 0 18 8 0 21 10 0 0 0 0 12 0 0 14 11 0 24 0 20 0 0 0 0 0 0 0 0 18 0 18 0 
20 0 0 0 0 0 0 0 0 8 21 23 0 0 0 18 0 10 25 6 0 0 0 0 0 13 8 0 0 0 24 0 10 25 0 22 0 0 0 0 0 0 0 0 0 0 0 0 0 0 8 20 0 5 0 21 0 0 0 0 0 0 11 14 0 0 0 18 0 23 0 21 0 0 0 0 0 8 13 5 11 0 0 0 0 0 0 0 0 0 0 11 13 0 0 0 7 0 0 8 0 0 0 5 0 0 0 25 24 0 0 0 0 0 14 24 23 0 22 0 15 0 0 0 0 0 0 0 0 0 0 5 0 0 5 0 0 0 0 0 0 0 0 0 0 0 0 0 0 0 17 0 0 0 0 0 0 0 0 0 25 0 23 0 0 9 0 0 15 12 23 0 17 0 0 0 0 0 0 0 0 6 19 0 8 0 0 0 0 0 24 0 0 0 0 7 0 0 10 0 
0 0 0 0 0 0 0 13 9 0 0 0 5 0 0 0 0 0 0 18 14 0 0 0 6 0 0 23 20 0 0 0 0 23 0 0 21 0 0 0 0 0 0 0 0 0 0 0 0 0 0 0 0 9 15 0 0 0 0 0 13 0 16 0 0 23 0 0 0 19 0 0 0 0 0 0 0 0 10 0 10 0 0 0 0 0 16 0 22 0 0 0 0 0 0 0 9 23 0 7 0 0 0 0 0 5 5 0 0 0 21 0 0 0 0 0 0 18 0 0 5 19 0 8 0 0 13 9 0 0 18 0 0 0 0 0 0 0 0 0 0 11 22 0 24 21 0 16 0 0 0 0 0 0 0 14 0 0 11 0 0 18 0 0 0 6 0 0 0 12 0 18 0 0 0 0 0 0 0 0 0 0 0 0 5 0 5 0 0 0 0 0 7 0 0 0 0 0 0 0 
0 0 8 0 22 25 0 0 0 23 6 5 0 0 0 0 0 24 7 0 0 0 0 17 0 0 0 0 0 0 0 0 0 0 0 20 0 0 0 23 0 0 0 0 0 0 0 0 0 13 17 0 0 0 22 0 0 7 17 0 0 0 25 0 0 19 9 0 0 0 0 10 14 0 0 0 12 0 0 0 0 0 0 0 0 0 18 0 5 0 0 23 0 0 19 0 12 0 0 0 0 0 9 0 20 0 0 0 0 0 0 0 13 0 11 12 0 21 0 0 0 0 0 0 20 0 0 0 0 0 0 0 0 23 0 0 5 0 0 0 0 0 0 0 0 9 9 0 13 18 0 25 0 0 0 11 0 0 7 0 8 0 0 0 5 0 0 12 0 0 14 0 0 0 11 0 0 0 0 0 8 0 0 0 0 0 0 0 14 23 0 17 0 0 0 0 0 12 0 0 
0 0 0 0 16 0 18 15 16 0 25 0 0 17 0 21 0 0 0 20 0 0 0 11 0 0 0 0 0 0 25 0 9 0 0 0 0 0 0 0 0 0 9 0 0 0 0 0 0 0 0 16 0 0 18 0 0 0 0 0 0 0 0 14 0 18 0 0 0 0 7 21 0 0 13 0 0 16 0 0 12 0 0 23 0 0 12 0 0 0 0 0 9 0 0 0 0 22 0 0 17 0 0 0 0 24 0 22 0 7 0 0 0 0 0 5 0 13 0 0 0 20 0 0 0 0 0 0 0 0 0 0 0 15 21 0 16 0 0 0 0 0 0 0 0 0 24 0 0 0 16 0 0 0 12 0 0 22 0 0 0 0 0 0 17 0 7 0 12 0 22 0 0 0 0 0 11 12 0 0 0 0 0 0 0 0 19 0 0 0 0 0 0 0 0 5 0 0 0 0 
7 0 0 0 0 0 0 0 0 0 0 0 22 8 0 0 0 0 0 0 23 24 0 0 6 0 0 0 0 0 15 0 0 0 16 16 21 0 9 0 0 0 0 20 14 0 0 0 0 0 0 0 0 19 8 25 0 0 0 8 0 0 0 13 0 0 0 25 0 0 19 0 0 0 0 0 0 0 18 0 0 0 0 0 0 0 0 0 0 0 24 0 10 0 0 0 0 21 0 0 0 0 0 0 0 0 0 0 0 0 0 15 0 0 8 0 0 0 0 0 0 0 11 16 14 7 0 0 15 0 0 0 0 0 0 0 0 0 0 0 0 15 0 0 19 0 0 0 0 5 0 0 0 0 15 0 6 15 10 0 0 0 0 5 0 0 0 0 0 0 15 0 0 23 0 0 25 0 0 0 0 12 0 0 0 0 18 0 17 19 17 0 24 18 0 0 0 0 0 9 
24 0 0 0 0 0 0 22 0 0 0 0 18 14 12 0 0 19 17 0 0 0 0 10 0 8 0 24 0 0 0 22 0 19 0 0 12 0 0 0 0 0 0 0 0 21 19 0 0 0 0 0 22 8 0 17 0 0 24 18 0 0 0 9 7 0 7 14 0 0 0 0 0 6 0 0 0 10 0 0 0 0 0 0 0 17 25 8 0 0 0 0 0 19 0 0 0 17 24 0 7 0 0 0 0 0 24 0 0 0 0 22 23 0 0 0 0 0 0 0 0 0 0 17 0 19 0 0 0 12 6 0 0 0 0 0 0 0 0 0 0 0 0 0 0 0 20 0 0 0 0 0 22 0 0 0 12 0 0 0 0 0 0 0 0 0 0 16 0 0 0 0 0 24 0 24 0 6 0 18 0 0 0 0 0 0 0 0 0 0 0 0 0 0 0 11 0 0 0 5 
7 0 0 0 0 0 0 0 0 0 0 16 0 0 0 0 9 0 0 0 0 13 0 0 0 0 0 6 0 0 19 0 0 0 0 0 0 0 13 0 0 0 19 0 0 23 6 0 0 6 0 24 0 0 0 16 0 0 0 0 8 0 17 0 9 23 0 0 0 0 17 0 0 0 0 0 13 0 21 0 0 0 0 0 0 22 21 0 0 15 7 0 0 16 21 0 0 0 0 9 0 0 5 0 0 0 0 0 14 0 0 0 0 0 0 0 0 0 24 0 0 14 5 0 0 0 15 16 0 0 0 0 13 0 0 0 0 0 0 0 0 0 16 0 0 0 0 0 7 0 0 0 0 0 0 0 12 0 0 25 9 20 0 0 0 0 0 0 0 0 0 0 0 24 0 0 0 0 0 0 0 5 0 0 0 0 0 7 0 0 0 0 0 0 17 0 0 0 0 0 
0 16 0 0 0 0 0 0 0 10 0 0 0 0 0 0 0 0 0 0 20 0 9 0 0 0 0 0 0 0 0 0 0 0 0 0 0 17 0 0 0 0 7 7 18 7 0 0 0 6 0 0 0 0 0 0 0 0 0 0 14 0 0 0 7 0 0 0 0 0 0 18 0 0 0 0 0 0 0 0 0 0 0 11 0 0 0 11 0 0 0 0 0 18 0 0 0 0 0 20 0 0 0 0 5 0 23 0 0 22 13 0 0 0 0 23 0 0 0 0 0 0 0 8 0 0 0 0 0 0 0 0 0 0 0 0 0 0 9 0 0 0 0 0 0 0 0 0 0 0 0 0 0 0 0 0 14 0 11 22 0 0 0 0 0 0 0 0 0 8 0 0 0 0 0 23 0 0 0 17 0 0 0 0 16 0 0 0 0 0 6 0 0 15 0 0 0 0 0 0 
0 5 0 0 0 0 0 0 0 0 7 21 16 0 0 0 0 8 13 25 0 16 11 0 0 0 13 0 0 0 0 0 0 0 0 0 0 0 0 0 0 0 0 21 17 0 5 0 0 0 8 9 0 19 0 0 0 0 0 0 0 0 0 0 0 0 0 13 0 0 0 0 0 0 13 0 21 0 14 0 0 0 0 0 0 0 0 20 0 0 0 0 13 0 0 0 0 0 0 0 15 15 0 0 5 0 0 0 0 11 0 0 0 0 0 0 0 0 0 0 13 0 25 0 0 15 25 0 0 0 0 0 0 0 0 0 0 0 0 0 0 0 20 0 0 0 0 23 0 11 0 0 6 0 0 0 0 0 0 0 24 0 0 0 0 0 0 0 0 0 0 0 0 14 18 19 5 0 22 17 0 0 0 0 0 0 0 0 0 0 0 0 0 0 0 0 0 0 16 0 
16 0 0 0 15 0 24 0 0 0 0 21 0 18 0 6 0 0 0 14 0 11 6 10 9 0 0 0 0 0 0 0 0 0 0 0 14 0 0 0 0 0 7 7 13 0 0 0 6 0 0 6 0 24 8 0 0 0 20 0 0 0 0 0 22 0 0 0 23 0 0 0 0 0 0 12 0 0 0 0 0 0 0 25 0 11 0 0 0 18 0 0 24 0 0 0 0 0 0 0 17 0 0 10 0 0 0 0 0 0 0 0 0 23 0 0 0 11 0 0 0 0 0 0 0 0 18 20 0 0 21 0 22 0 0 11 0 0 9 0 22 0 0 0 0 25 0 0 13 6 0 0 0 0 0 0 0 0 0 10 0 25 0 0 0 16 0 0 16 0 0 0 0 0 0 0 12 24 16 0 0 0 0 0 6 12 0 14 0 0 0 0 12 5 0 0 0 0 0 0 
0 0 0 0 0 0 0 8 0 0 0 0 24 9 0 0 22 0 20 0 0 0 17 0 0 0 15 5 19 0 20 19 0 0 22 0 0 0 0 0 0 0 0 0 0 0 0 0 0 0 0 0 12 0 16 0 5 0 0 0 0 0 0 0 0 0 9 0 0 25 0 0 0 0 5 0 24 0 0 0 0 6 0 0 0 0 0 0 0 0 0 0 24 0 0 0 11 0 5 0 0 0 0 0 0 0 0 0 0 24 0 0 0 19 19 0 6 0 0 0 0 0 0 0 0 0 0 0 0 0 0 0 21 0 0 0 0 0 0 25 0 0 14 0 0 0 12 11 0 0 0 20 5 0 10 0 0 0 0 0 6 0 0 0 0 11 0 0 0 0 0 21 0 8 0 0 19 0 0 13 0 7 0 0 0 22 0 0 0 0 12 13 0 0 0 0 20 17 0 0 
0 0 0 0 0 18 0 6 0 0 0 0 0 0 0 0 0 0 23 0 0 8 0 12 25 0 14 0 0 0 0 0 0 6 10 0 0 0 0 19 0 0 22 0 17 0 17 9 0 0 0 0 0 0 0 0 0 25 0 0 0 0 0 0 25 0 0 6 20 0 0 0 0 0 0 0 0 0 0 0 12 22 0 11 0 0 0 0 0 9 0 0 7 0 0 0 8 0 0 0 0 0 0 0 0 0 0 0 0 0 0 0 0 18 13 0 16 0 8 0 7 0 5 11 0 0 18 14 8 0 0 0 0 17 0 0 0 0 0 16 0 15 9 0 0 25 0 0 21 0 12 0 0 0 0 0 0 0 0 22 14 0 0 25 0 0 22 6 15 21 22 0 0 0 0 5 0 0 0 0 0 14 0 0 0 0 0 0 0 0 0 0 0 9 0 0 0 0 0 19 
0 0 0 6 19 0 0 0 0 0 0 16 0 0 0 0 18 0 0 20 0 0 7 0 0 8 0 0 0 0 15 0 22 21 5 0 0 0 0 20 0 24 0 0 0 0 7 17 16 0 0 0 0 0 0 22 0 0 0 0 0 0 0 0 0 5 0 0 0 0 25 14 0 0 0 7 0 0 18 0 0 0 0 8 0 0 0 19 0 0 0 0 0 10 0 20 0 11 0 13 17 11 0 0 0 11 0 14 25 0 0 0 0 0 0 24 0 0 0 7 0 0 0 0 24 0 0 0 0 0 0 25 0 24 24 0 0 7 0 0 0 0 0 14 0 0 0 8 0 0 14 7 0 0 0 13 0 0 0 0 0 9 17 17 0 0 0 0 0 0 0 0 17 0 0 0 0 25 0 18 0 13 20 0 0 7 0 0 0 12 0 0 17 0 0 8 0 12 9 0 
22 0 18 23 0 0 7 0 0 0 0 0 0 0 0 0 0 0 0 23 0 0 0 0 0 0 0 15 0 14 0 0 0 0 0 0 0 0 0 0 0 0 0 20 10 0 0 0 21 20 0 24 0 0 0 0 0 0 0 0 0 0 0 0 0 7 0 0 0 19 0 17 0 0 0 0 0 0 0 6 0 23 0 0 0 9 0 0 0 0 0 0 0 14 0 8 0 0 0 8 0 6 0 24 0 22 24 0 0 0 0 7 0 0 0 0 0 13 0 0 0 0 0 21 0 0 0 0 0 0 0 0 0 0 17 0 0 0 18 0 0 0 0 20 0 0 0 0 19 0 0 0 0 0 0 5 0 0 0 17 0 8 0 0 0 0 0 0 16 12 0 0 0 0 0 0 9 13 0 0 0 0 0 0 0 0 0 0 0 0 0 0 0 0 0 13 0 0 0 21 
21 7 0 0 0 0 0 0 0 24 0 0 0 17 14 0 0 0 0 0 0 0 0 24 0 0 0 0 0 0 0 0 0 0 0 14 11 0 0 18 0 0 17 0 0 17 0 5 0 0 21 0 0 0 0 0 0 0 8 0 0 0 19 0 0 0 0 0 0 0 0 0 0 14 0 20 14 0 0 0 14 0 0 25 0 17 14 0 0 20 0 5 0 0 17 0 0 19 0 0 0 0 0 0 17 0 0 7 0 0 0 0 0 0 0 9 0 0 0 0 0 0 0 0 0 0 0 0 18 9 0 0 9 0 8 0 0 0 0 0 0 0 0 0 15 0 0 0 0 17 0 18 24 0 0 0 0 0 0 0 18 20 0 0 20 17 0 0 0 0 0 0 0 0 0 0 0 0 7 0 0 0 0 0 25 0 0 0 0 10 0 0 0 0 0 0 0 0 0 0 
0 0 0 0 14 0 9 0 0 0 0 0 0 0 0 6 18 0 0 16 0 0 0 0 0 0 0 0 0 0 6 0 0 0 0 0 0 0 5 0 0 0 0 0 21 0 0 0 0 25 0 0 0 0 13 16 0 0 13 15 0 0 0 19 0 0 0 0 0 0 0 0 0 0 0 0 0 0 0 0 0 0 0 13 0 0 0 0 0 0 0 0 0 17 0 0 5 0 19 0 0 14 0 0 15 0 0 6 0 0 0 0 0 23 0 18 0 7 0 0 0 0 0 0 21 0 9 0 7 0 0 0 0 0 0 7 0 0 0 0 0 0 20 0 0 0 0 25 0 0 0 0 14 5 0 0 0 0 0 0 0 0 18 0 0 0 0 23 0 0 0 0 9 0 21 0 0 0 0 0 0 0 9 0 0 0 0 0 0 0 0 0 0 0 10 0 22 0 8 24 
16 25 20 0 0 19 0 0 0 0 0 0 0 0 0 0 0 0 5 0 0 0 0 7 0 0 0 0 0 0 0 0 18 0 0 0 0 0 0 0 0 0 0 0 0 0 0 0 20 0 0 0 0 0 0 5 0 15 0 0 0 0 0 0 0 0 0 15 0 0 0 0 0 23 0 0 0 0 0 0 0 0 0 0 0 10 0 11 7 13 0 0 15 17 0 0 0 9 0 0 7 24 16 0 25 0 0 0 0 0 15 0 0 24 15 0 0 24 0 0 18 6 0 0 0 19 0 0 16 0 21 0 0 0 0 18 0 0 0 9 0 20 0 0 25 0 0 0 0 0 0 6 0 0 0 0 0 0 16 0 9 0 0 0 0 0 25 22 0 0 0 0 0 0 0 0 0 24 0 15 0 24 0 0 6 0 0 0 0 0 0 0 5 0 0 25 25 0 0 0 
7 0 0 0 15 0 23 0 0 0 0 0 0 0 0 0 0 0 0 0 0 0 0 9 0 0 0 0 0 0 0 0 0 0 0 0 24 12 0 22 0 0 0 20 8 0 6 17 0 0 0 0 0 0 0 20 9 0 16 0 0 13 13 0 0 0 0 0 0 0 0 7 0 0 23 0 0 0 17 0 0 22 0 0 7 0 0 11 8 0 0 0 22 8 0 0 9 0 0 0 0 0 0 0 0 0 0 12 0 8 0 0 0 0 0 0 0 0 0 0 0 0 0 0 0 0 0 0 0 0 0 0 0 17 0 0 0 0 0 0 16 0 0 0 0 0 0 7 0 0 15 0 20 0 0 0 22 0 0 25 0 0 0 0 0 17 11 0 0 0 0 0 7 0 6 9 0 0 17 0 0 0 21 22 0 10 0 0 16 0 0 0 0 0 0 25 12 0 0 7 
0 14 0 0 0 22 8 8 0 0 6 24 0 0 0 0 0 0 21 0 0 0 0 0 0 0 0 18 0 0 7 0 0 0 11 0 0 0 0 0 0 0 0 0 0 7 15 0 19 0 0 7 0 23 17 0 0 0 0 16 0 0 0 0 0 0 0 0 5 0 0 0 0 0 15 0 16 0 22 0 0 0 0 0 9 16 0 0 9 19 0 0 0 0 0 0 0 0 0 0 0 0 0 0 0 0 0 16 0 0 0 0 0 0 0 8 0 0 0 0 0 0 0 0 0 0 0 0 0 0 24 0 0 0 0 0 24 0 0 10 0 21 0 10 0 19 0 0 0 0 16 0 15 0 19 0 25 0 0 0 0 14 0 0 0 0 0 0 0 0 0 0 0 0 0 12 0 0 5 0 0 0 0 0 0 0 0 12 0 0 0 0 0 0 0 0 0 0 18 0 
9 0 16 0 0 0 0 22 0 20 19 8 0 0 7 24 0 15 24 0 0 0 0 20 0 17 0 19 0 0 0 17 0 0 0 0 0 0 0 0 0 0 0 11 0 0 0 0 0 20 0 22 0 0 0 0 18 0 0 0 11 0 0 0 0 12 0 0 0 0 0 0 0 0 0 0 0 0 0 0 5 0 0 16 0 0 0 0 22 0 0 0 0 0 22 0 11 0 0 12 0 19 16 0 24 0 15 22 0 0 0 0 0 5 0 17 24 16 0 0 0 6 0 0 0 25 0 0 0 0 0 0 0 0 0 6 22 15 0 23 0 11 0 0 8 0 0 0 22 15 25 7 7 0 0 0 0 0 0 25 0 15 13 19 0 0 0 0 9 0 0 0 0 24 0 0 7 0 0 0 0 0 0 0 0 0 0 25 0 0 0 0 0 0 19 0 0 0 11 0 
0 0 0 0 0 0 0 0 13 0 25 0 0 0 0 0 14 0 0 0 25 0 0 24 0 0 6 0 0 0 0 0 0 0 0 0 18 0 0 0 0 15 0 0 0 0 0 0 0 8 0 0 6 6 0 0 0 0 19 0 0 24 0 0 0 0 0 24 0 0 17 0 0 0 0 0 0 15 0 0 0 0 0 0 21 0 22 23 0 0 0 0 22 0 0 11 0 0 0 0 23 0 6 0 14 0 0 17 7 13 0 0 0 0 0 22 7 13 0 0 0 11 12 20 0 0 6 8 0 0 14 12 5 0 0 0 0 0 0 14 0 0 25 0 0 0 0 0 0 18 25 0 18 17 20 0 0 0 0 0 0 0 0 0 0 0 0 25 0 0 0 0 0 0 15 0 8 0 0 11 0 0 0 15 6 0 0 16 0 0 0 5 0 21 0 0 0 0 22 0 
0 0 0 15 0 0 0 0 25 0 0 21 0 0 0 0 0 0 0 0 0 14 0 0 0 0 19 0 23 0 25 0 0 21 17 20 0 24 10 0 24 0 0 0 0 0 0 0 11 0 0 0 0 0 21 0 0 0 19 7 0 0 0 24 0 0 11 0 0 0 25 25 21 0 0 0 10 0 0 0 0 0 0 0 0 0 0 0 19 22 0 20 0 0 0 0 0 0 0 14 14 18 9 22 0 0 0 0 0 0 0 0 0 0 0 0 0 0 20 20 0 0 0 20 0 0 5 0 22 0 0 0 0 0 18 0 9 0 0 0 0 0 7 0 0 0 6 0 0 16 13 0 0 0 0 0 0 0 12 0 0 0 0 0 8 0 0 0 0 0 0 10 0 0 0 0 0 0 0 0 25 0 0 0 0 10 0 5 19 21 0 0 0 24 0 0 0 0 0 0 
8 0 18 0 0 0 0 0 0 0 0 0 9 0 0 0 24 19 0 0 0 0 0 0 0 0 0 0 16 0 0 16 0 0 0 18 0 0 0 0 0 0 0 0 0 0 0 23 0 0 0 0 12 0 0 25 14 0 21 0 0 9 8 0 0 0 0 0 0 0 0 0 9 0 0 25 0 0 13 0 0 0 0 0 0 0 0 0 0 14 15 8 10 0 0 9 0 0 0 0 0 0 0 0 0 0 0 0 14 15 0 0 0 10 0 19 0 13 0 0 12 0 0 0 0 0 0 0 0 8 19 23 12 0 0 0 0 10 0 0 0 12 0 0 0 0 0 0 0 0 0 0 0 22 10 0 0 0 0 0 0 21 0 0 0 0 0 0 0 0 0 0 0 0 0 24 25 23 0 0 0 0 0 19 5 0 0 0 0 20 20 0 11 0 0 7 0 22 19 0 
0 14 0 0 0 0 0 0 0 0 0 0 20 0 0 0 0 0 0 0 11 0 8 0 0 0 0 16 0 23 0 7 0 0 6 18 23 0 25 0 0 0 0 0 0 0 0 0 0 0 7 0 15 0 0 24 0 0 17 0 0 15 0 0 0 0 0 19 0 18 6 0 0 18 9 5 0 14 0 0 0 0 6 5 6 0 0 0 0 0 7 14 0 0 0 0 0 0 0 0 0 0 0 0 16 0 0 0 0 0 0 23 0 0 0 20 0 0 0 0 0 14 0 11 0 0 0 0 0 0 0 6 13 22 11 0 0 0 0 0 0 0 6 0 0 0 0 0 0 0 0 0 0 0 0 0 0 0 0 0 0 0 0 0 23 0 0 6 0 0 25 0 0 7 19 0 6 0 18 0 0 15 0 0 0 0 0 0 0 0 0 9 0 9 0 13 6 19 0 0 
0 18 0 0 25 0 23 0 0 0 0 0 0 0 7 0 0 0 19 0 0 0 0 0 0 0 0 0 0 0 0 0 0 10 0 0 10 0 0 0 8 0 0 0 0 14 0 0 0 9 0 0 0 0 0 0 0 24 0 0 0 0 0 0 0 0 0 0 0 0 0 14 0 0 0 0 0 20 0 0 0 0 0 16 10 0 0 6 0 0 17 0 0 0 0 0 0 0 0 21 7 0 0 0 12 0 0 0 0 0 20 0 0 0 25 0 0 0 20 14 5 16 0 0 0 0 0 25 0 0 0 0 6 0 0 0 0 0 0 17 0 0 0 18 0 0 13 0 0 0 0 20 0 9 0 0 0 0 21 5 5 7 0 0 16 0 0 0 23 20 0 0 9 0 0 8 0 0 0 0 0 0 12 0 0 0 0 0 0 22 0 7 0 6 0 0 0 0 0 0 
13 0 0 0 0 23 0 22 0 0 9 0 0 21 0 0 0 0 0 25 11 0 0 0 0 0 0 7 0 0 0 0 0 0 24 0 0 13 7 0 0 0 0 0 0 0 0 0 0 0 14 0 0 0 0 8 0 0 0 24 0 0 0 21 10 0 0 0 0 0 9 7 0 0 0 0 0 23 0 0 0 0 0 0 0 8 0 0 0 0 0 0 0 0 25 8 0 0 19 0 0 0 21 0 0 0 17 0 0 0 0 0 0 0 13 0 0 0 0 0 0 22 0 0 0 0 9 16 16 10 10 0 0 20 0 8 0 0 0 0 22 0 6 23 0 0 0 14 0 0 0 0 0 0 0 0 0 0 0 14 0 0 0 7 0 19 13 0 0 0 0 0 0 0 0 0 25 0 19 16 11 0 24 0 0 0 0 0 0 0 0 8 0 0 0 0 0 0 0 0 
0 16 5 18 0 22 19 0 0 0 0 0 0 0 0 0 0 10 0 0 0 0 22 0 15 19 0 0 11 0 0 9 0 0 0 0 12 0 25 15 0 0 7 0 12 0 0 0 17 0 0 23 0 0 0 0 0 0 0 18 0 0 0 0 0 18 0 11 10 6 0 10 8 0 21 0 5 10 0 0 0 0 0 11 20 0 0 0 0 0 20 0 0 8 16 0 0 0 0 0 0 0 0 0 24 0 0 0 0 0 0 0 23 0 0 0 6 0 0 24 0 15 0 0 21 7 0 12 0 0 11 0 0 0 0 18 0 0 0 0 0 0 0 22 25 0 21 20 6 0 0 0 0 14 0 0 13 0 0 0 0 0 0 0 0 19 0 0 0 9 13 9 0 0 0 0 0 0 0 6 0 0 0 0 0 21 0 0 0 11 0 0 0 23 22 0 0 0 0 0 
0 16 0 18 0 0 0 22 0 16 10 0 0 0 0 20 11 0 0 10 25 12 0 0 0 10 0 0 0 0 0 9 0 0 0 0 0 0 0 0 6 0 0 0 0 0 0 0 8 22 0 0 0 0 0 25 0 0 0 0 0 0 9 0 0 0 0 0 0 13 0 0 0 0 17 0 10 0 0 10 0 0 13 25 0 23 0 15 0 0 13 23 0 0 10 5 15 0 0 0 0 0 0 0 7 0 0 0 19 0 0 0 9 0 0 21 0 0 0 0 0 6 0 0 0 15 23 0 0 0 0 0 0 0 0 0 0 0 0 15 6 10 9 15 0 25 0 0 0 0 10 0 0 0 0 0 0 0 23 0 0 0 0 0 0 0 0 0 0 0 0 8 16 0 0 0 0 0 0 0 0 10 0 0 0 0 0 0 0 0 7 9 0 0 5 5 0 0 0 0 
0 0 12 0 0 10 0 0 13 0 0 0 0 0 0 0 0 14 0 0 0 0 0 0 0 0 0 23 24 0 0 0 19 9 0 0 0 0 0 8 12 0 0 15 0 22 0 0 0 0 0 0 9 0 0 0 0 23 0 0 19 0 0 0 0 0 0 0 0 18 0 0 13 0 0 0 0 8 0 0 0 0 0 0 20 0 0 19 0 0 0 0 0 0 0 0 14 0 0 21 0 24 0 21 0 0 0 0 0 0 0 0 0 0 0 0 0 7 0 0 0 0 8 0 0 0 0 25 14 0 0 22 0 0 0 0 0 0 0 0 0 0 9 0 16 25 0 0 0 0 0 0 17 0 0 0 0 0 0 0 0 0 0 0 0 0 0 0 0 0 0 0 17 0 0 14 24 0 0 0 15 0 0 0 14 0 22 0 0 0 0 0 0 0 0 0 0 0 0 0 
0 0 0 0 0 14 0 0 0 22 0 0 0 6 25 0 0 0 0 23 0 0 0 0 0 13 0 0 0 20 7 0 0 23 0 25 0 9 0 0 0 0 0 24 0 0 0 0 0 0 5 0 21 0 0 19 0 0 0 13 9 0 18 0 0 0 6 23 0 0 12 0 0 0 0 0 0 0 0 0 0 0 7 0 0 0 0 20 0 0 0 0 0 0 0 0 0 20 9 0 11 0 0 0 0 0 0 11 12 10 0 14 0 0 0 0 0 0 0 0 0 0 8 0 0 13 7 0 0 11 0 21 0 13 0 0 24 21 5 0 14 0 0 0 18 20 0 22 0 5 0 0 0 0 0 10 25 0 0 8 0 0 0 0 8 0 11 16 0 9 0 0 0 8 0 20 0 13 0 7 0 24 0 0 0 0 0 0 19 0 0 0 0 0 0 0 18 18 5 8 
18 0 0 0 0 17 16 0 13 0 16 0 19 0 0 0 0 0 19 18 0 12 0 0 0 0 0 25 8 0 21 0 10 0 0 0 0 0 0 0 0 7 0 10 18 0 0 21 0 0 0 0 0 7 21 0 0 0 0 0 20 22 0 0 0 18 0 0 0 16 24 0 0 0 0 0 0 0 0 0 0 0 15 0 17 0 22 0 0 19 0 0 0 0 0 0 0 0 0 0 0 0 0 0 0 0 0 0 0 0 0 0 0 0 0 0 0 0 0 21 0 0 19 0 10 0 0 17 0 0 0 0 0 0 24 13 0 0 5 17 0 12 0 0 23 0 6 18 0 0 0 6 24 0 7 10 0 0 0 0 8 0 9 19 0 0 0 0 0 0 25 0 0 0 0 0 0 0 0 0 0 0 0 0 0 0 16 0 25 0 15 0 0 0 0 0 0 0 24 12 
0 0 0 0 0 0 0 0 0 0 0 5 0 0 0 16 25 0 0 0 0 0 21 25 0 0 0 12 0 0 0 20 10 0 0 0 0 0 5 23 0 0 0 0 0 0 0 0 0 0 0 0 0 0 0 0 16 25 8 0 0 0 7 0 0 12 0 0 0 0 0 0 0 0 0 7 0 0 0 0 0 0 0 0 0 0 0 0 0 0 0 0 19 0 0 0 0 0 0 0 0 0 0 0 0 0 0 21 0 0 0 0 0 0 18 21 24 0 18 0 0 22 0 0 0 5 0 0 0 0 14 0 18 0 0 17 0 0 0 0 0 0 0 0 0 20 0 0 25 0 0 0 0 7 22 0 0 0 0 0 16 0 0 0 0 23 17 15 0 0 0 0 0 24 9 18 17 0 15 0 11 0 0 0 0 0 0 0 0 0 0 0 6 5 13 0 0 0 0 0 
0 0 0 0 0 21 0 0 6 0 0 0 0 0 0 0 24 0 6 0 0 13 16 16 0 0 0 0 0 0 0 0 0 0 0 0 0 0 0 0 0 0 0 0 18 0 0 0 0 0 0 0 6 25 0 23 0 5 0 0 0 0 0 0 18 0 0 0 0 0 0 0 0 0 0 0 0 0 0 0 0 0 0 0 0 0 0 13 10 0 0 0 0 0 0 0 6 0 0 0 0 0 0 0 0 0 0 0 24 11 0 0 12 0 0 0 0 0 0 0 0 0 0 21 6 5 0 0 20 9 20 0 0 0 0 13 0 0 0 0 0 5 0 0 0 0 0 0 0 9 0 0 0 0 0 0 20 0 12 0 0 0 0 0 0 0 24 0 0 25 8 21 0 0 0 18 0 0 21 0 10 0 10 22 24 0 21 0 22 0 0 0 14 0 0 0 0 12 0 0 
0 14 0 0 0 0 14 16 0 0 0 0 0 0 21 0 0 0 0 0 0 0 0 6 0 18 0 0 0 0 0 0 0 0 5 0 0 0 10 0 0 0 7 14 0 0 0 0 0 12 0 20 0 0 14 0 0 0 25 15 0 0 0 0 0 0 23 0 0 0 14 24 0 0 0 0 0 0 0 0 0 0 0 0 0 20 0 0 0 0 0 0 14 0 0 0 5 0 0 0 0 7 0 0 14 9 6 0 0 0 0 10 12 0 0 23 0 0 0 0 0 0 0 0 0 0 0 0 0 12 0 14 0 0 0 0 0 0 0 0 0 13 0 0 0 0 10 0 0 25 13 0 0 0 0 0 0 0 23 0 0 0 0 11 0 0 0 7 14 0 0 0 0 0 18 23 13 0 0 14 0 0 0 0 0 0 0 6 0 0 0 0 7 0 0 0 0 7 0 0 
9 0 0 0 0 0 0 0 0 0 0 21 0 0 0 0 0 0 13 7 13 0 0 0 0 0 0 19 0 0 0 18 0 0 0 0 0 0 0 0 0 0 0 14 0 0 0 0 6 0 22 0 0 0 0 0 0 0 0 0 0 18 0 0 0 0 0 0 19 18 0 0 15 0 0 0 0 0 21 0 5 0 0 0 11 0 0 0 17 0 25 0 18 23 0 0 0 23 0 0 0 0 0 0 0 0 0 0 0 0 0 0 0 0 7 0 0 0 0 0 0 0 0 0 0 0 0 0 0 0 0 0 0 0 0 0 0 22 0 0 0 0 0 0 0 12 0 0 12 22 0 0 0 0 0 0 0 0 19 11 0 0 0 0 0 0 0 13 0 0 0 0 0 10 0 0 0 0 0 7 16 20 0 0 0 0 12 0 0 0 12 0 0 0 0 0 0 0 15 0 
0 0 10 0 0 23 25 0 24 0 0 0 0 0 0 0 0 0 0 17 0 6 0 0 0 0 0 5 0 0 13 5 11 0 0 0 11 0 0 14 19 0 0 0 0 0 17 0 22 0 0 17 0 11 0 0 0 0 0 20 0 0 0 11 0 0 17 0 9 24 0 0 0 0 17 0 0 0 0 0 0 0 0 0 0 6 0 0 0 0 0 0 0 0 0 20 0 0 0 0 0 0 14 22 18 0 0 24 0 0 5 0 0 0 0 0 0 0 0 0 20 8 14 7 5 18 6 13 0 18 0 23 0 0 0 0 0 0 20 0 0 17 0 0 0 0 0 6 0 0 0 0 0 0 0 0 0 0 0 0 0 0 0 0 0 13 0 0 0 22 24 0 0 0 0 10 0 0 23 0 0 0 0 22 0 0 0 0 0 0 23 0 17 0 0 0 19 21 8 0 
0 5 0 0 10 13 0 8 0 0 0 0 0 19 0 0 0 0 0 10 0 0 14 0 20 0 0 10 0 0 12 0 0 0 0 0 25 13 0 0 23 8 7 0 0 0 0 0 0 0 0 0 0 5 0 0 0 15 0 0 0 14 0 0 0 19 0 0 0 0 0 0 18 10 0 0 0 0 0 0 0 0 21 0 19 6 0 0 0 0 11 0 0 0 0 23 0 0 13 15 0 0 0 16 24 0 0 10 0 0 0 0 0 21 24 15 20 0 0 0 0 0 21 0 0 0 8 0 0 0 0 0 0 0 0 0 8 10 0 0 0 0 0 0 5 16 0 0 23 0 0 0 0 0 0 6 8 0 0 0 0 0 0 21 0 0 0 0 0 0 0 0 0 25 20 0 0 0 0 0 0 0 0 0 0 0 0 0 0 7 0 0 0 11 7 25 9 0 0 0 
16 0 0 21 0 17 0 0 0 0 0 0 0 0 18 0 19 16 0 0 17 0 14 16 11 0 0 0 0 0 0 0 13 21 0 7 20 0 8 0 0 0 0 0 12 0 13 0 0 5 0 0 0 14 0 0 0 13 0 0 0 5 25 0 0 0 0 0 0 0 0 6 0 0 19 0 0 0 0 15 24 0 0 0 0 11 0 11 0 0 0 0 0 6 0 11 0 0 0 18 0 21 0 0 0 0 0 0 9 0 8 22 0 0 0 0 21 17 0 0 0 0 0 0 0 0 0 0 0 0 0 8 17 0 11 0 25 0 5 0 0 9 20 0 0 0 0 0 0 0 0 0 0 0 15 0 14 0 0 11 21 0 21 0 0 0 0 24 24 0 0 0 0 12 0 0 23 23 9 0 21 0 0 0 18 0 0 14 0 0 0 0 0 17 0 0 0 0 0 0 
0 0 0 23 0 0 19 0 0 0 0 0 0 0 0 0 0 0 0 6 0 0 0 0 0 0 21 11 5 8 0 0 19 0 0 10 0 0 0 0 0 0 25 0 0 15 0 0 22 0 0 24 0 0 0 0 0 0 0 0 22 0 22 0 0 10 0 10 0 0 0 0 16 0 8 0 11 12 23 0 0 0 8 0 16 0 0 0 0 0 0 11 11 0 0 0 5 0 7 0 16 14 25 0 0 24 0 5 0 19 0 0 0 0 0 0 9 0 16 0 0 0 22 0 0 0 0 0 0 0 11 0 12 22 0 17 0 0 18 0 8 0 0 0 0 0 0 0 23 0 0 0 7 0 0 0 0 0 15 22 0 0 0 0 0 0 0 0 13 0 0 0 0 0 0 0 22 0 0 0 0 0 0 19 0 0 0 0 0 14 0 14 0 9 0 0 0 0 0 0 
0 0 0 15 0 13 21 0 0 0 0 0 0 0 0 24 0 8 25 0 0 0 0 0 24 0 0 0 5 0 12 0 25 0 0 0 0 0 0 0 12 0 0 6 0 12 0 19 17 0 20 0 0 6 20 0 0 0 0 17 21 0 0 0 0 0 12 0 0 0 0 0 0 0 0 0 24 19 0 0 0 0 0 0 0 13 0 0 10 13 8 0 0 0 0 12 22 7 0 0 0 0 0 0 0 0 0 0 0 0 0 0 0 0 0 0 10 0 0 0 15 17 0 0 0 0 24 0 0 0 0 14 21 0 0 0 0 0 0 0 9 0 0 0 0 0 0 0 0 0 0 14 0 20 6 0 0 0 0 0 0 18 10 12 0 0 24 0 0 0 25 0 0 13 0 0 0 0 0 0 0 0 18 0 0 0 0 0 0 0 19 24 15 0 0 0 0 0 0 0 
23 12 13 14 14 0 0 0 0 24 0 0 11 0 0 12 0 19 0 0 0 0 0 25 0 0 0 0 0 0 0 10 0 0 24 14 0 0 0 7 0 15 0 0 0 24 21 0 0 0 0 0 12 21 17 0 0 0 0 0 0 25 17 0 0 5 0 13 0 0 0 0 0 0 10 0 0 0 0 15 0 0 21 8 0 0 0 21 0 0 0 0 0 0 0 0 0 0 7 0 0 0 0 0 0 0 0 19 15 0 0 0 0 0 0 0 0 0 0 0 23 0 0 0 0 15 0 0 0 17 0 0 0 0 0 0 9 10 0 0 0 23 0 0 0 0 0 0 0 0 0 10 0 0 0 0 6 16 0 0 9 0 0 0 0 14 0 0 0 7 0 0 0 0 0 24 14 6 0 0 0 0 22 0 20 0 0 0 0 0 0 0 8 0 0 0 0 0 11 0 
0 0 7 0 0 15 18 18 0 0 0 7 24 22 0 18 0 0 16 20 12 0 0 0 0 0 0 20 0 0 10 0 0 0 8 0 0 0 0 0 0 0 0 0 0 0 18 0 0 0 17 0 19 22 24 0 0 0 13 0 0 0 17 5 0 24 0 0 0 0 0 0 0 0 13 0 20 0 15 0 0 0 0 0 0 0 0 0 0 0 11 0 0 0 0 0 0 0 6 0 7 0 0 0 0 25 0 22 0 0 0 0 0 22 0 0 19 0 15 0 0 0 0 0 0 0 0 21 13 0 0 0 0 0 0 0 0 0 8 0 20 19 0 0 0 0 0 0 0 0 0 0 0 0 0 15 0 0 0 0 0 0 6 0 0 25 0 15 18 0 22 0 5 0 0 0 0 0 0 0 0 0 18 0 0 0 0 0 0 0 0 0 0 14 0 0 0 10 16 8 
0 25 0 25 0 10 0 21 0 0 0 0 9 19 0 0 0 0 0 0 8 0 0 0 11 0 0 0 0 0 0 0 0 0 0 0 23 0 0 0 0 0 8 0 0 0 0 21 16 0 0 0 0 0 0 12 0 0 0 0 0 18 19 0 8 0 0 0 13 0 6 0 0 0 0 11 0 16 0 19 0 0 0 0 23 0 16 0 0 0 0 0 0 10 0 5 0 0 0 0 0 0 7 0 20 0 0 0 16 0 0 0 0 0 0 20 0 25 0 0 0 0 0 0 9 0 0 0 0 0 0 0 0 0 0 22 0 0 18 0 0 25 22 0 9 12 0 0 0 0 0 0 0 7 0 0 0 0 0 0 0 5 6 0 0 0 12 0 0 0 0 17 0 0 0 0 0 0 14 0 15 0 19 12 5 0 0 0 0 0 0 0 0 7 0 0 0 0 9 0 
0 0 0 0 0 5 0 0 0 12 0 0 0 0 0 0 0 0 0 0 0 0 0 0 0 0 0 0 0 22 0 24 0 0 12 0 12 0 0 11 6 8 0 0 8 11 24 0 0 0 20 0 0 0 0 16 0 0 0 0 0 0 0 12 0 0 0 0 0 0 0 0 0 0 0 0 0 0 0 0 0 19 0 7 0 0 9 0 20 0 0 0 0 18 0 20 0 0 7 0 0 0 0 0 15 0 0 25 0 0 0 12 0 0 0 25 0 0 5 0 0 14 0 0 16 7 0 0 0 0 0 0 0 0 0 0 0 0 19 0 0 0 0 0 11 0 19 11 8 0 0 0 0 0 0 12 0 0 0 0 0 0 0 0 6 0 0 0 0 0 0 0 0 0 23 0 0 0 19 0 18 0 8 0 0 0 17 0 20 0 14 0 0 0 0 0 0 0 0 0 
25 16 0 0 0 0 0 8 0 0 0 0 0 0 0 0 0 0 0 0 0 0 0 8 8 24 0 14 0 0 0 0 25 0 0 13 25 0 0 0 20 0 0 7 0 9 8 6 0 22 20 10 20 0 0 0 0 0 16 0 13 0 0 0 0 0 0 0 0 0 21 0 0 0 0 0 0 0 0 0 0 0 0 0 0 0 15 0 0 24 8 18 0 0 0 16 0 0 0 0 0 0 0 0 18 0 0 0 0 0 19 0 0 0 0 0 0 0 0 0 5 0 0 0 0 9 17 0 0 21 0 0 0 0 25 0 0 0 0 0 24 0 0 0 0 7 0 0 19 0 0 0 0 0 5 0 0 0 0 0 25 10 0 22 0 0 0 13 0 21 0 0 0 0 23 0 16 0 0 0 0 24 0 0 16 0 0 0 19 19 0 0 0 16 0 10 0 0 0 0 
0 15 13 0 0 0 25 0 0 0 0 0 0 0 0 0 0 22 0 0 20 0 13 0 0 0 16 0 0 21 0 0 0 18 0 12 0 0 0 0 0 0 18 0 0 0 0 0 0 0 0 0 14 0 15 21 0 0 16 14 0 0 0 0 0 0 0 0 5 0 0 0 0 0 0 0 0 0 0 24 0 0 0 7 0 0 0 0 0 18 12 0 15 0 10 5 0 0 0 9 0 0 0 0 0 0 0 12 0 0 0 0 0 10 0 0 0 0 0 21 0 0 13 0 0 24 0 0 0 7 0 10 0 11 0 0 0 10 0 0 0 6 13 25 10 0 0 10 5 0 0 0 0 0 0 0 19 0 0 0 0 0 0 22 12 0 0 0 0 0 0 0 0 0 0 0 0 21 0 20 15 0 0 25 12 0 0 0 21 0 0 0 15 9 0 0 0 0 0 0 
0 0 0 25 0 18 0 0 0 0 15 0 0 0 17 0 0 0 0 0 8 0 0 0 0 0 0 0 5 0 0 0 0 0 25 12 0 16 0 0 19 0 0 0 0 0 0 0 0 0 9 17 16 0 11 0 0 0 0 0 0 0 0 0 0 0 24 0 0 0 0 0 17 0 0 0 0 0 0 0 0 10 5 0 0 0 0 0 0 0 12 24 0 0 0 0 10 15 0 0 11 0 0 0 0 0 0 0 0 0 0 0 0 0 0 0 7 0 0 0 7 0 0 0 0 0 9 0 6 9 0 0 12 0 0 0 0 0 11 0 0 0 0 0 0 0 0 0 0 0 14 0 0 16 8 0 0 0 0 0 0 0 14 0 5 24 8 0 0 0 0 0 25 0 0 0 16 0 25 0 0 0 0 0 0 8 0 0 0 0 0 16 9 0 0 0 0 0 0 15 
9 0 6 0 0 0 0 16 0 0 0 0 0 0 0 0 0 0 0 0 0 22 0 0 0 0 0 0 0 0 0 0 11 0 0 0 5 0 0 0 0 11 0 0 20 10 0 0 7 19 0 0 0 5 23 22 12 0 25 0 10 0 0 25 0 0 0 0 0 0 16 0 5 0 0 0 0 0 0 0 7 0 0 0 0 10 14 0 18 0 0 0 0 0 0 0 0 0 0 14 24 0 0 0 14 0 0 0 0 0 6 0 0 0 0 0 15 0 0 0 0 0 0 20 0 0 0 0 0 0 0 15 0 0 0 13 23 0 0 19 0 0 0 0 12 15 0 0 0 0 0 0 0 0 0 0 10 7 0 0 0 0 0 0 0 0 0 24 0 15 0 0 0 0 12 0 0 0 5 0 0 0 0 0 10 7 0 0 0 0 0 23 0 0 0 0 0 0 0 0 
0 0 19 0 0 0 0 0 0 0 22 22 0 21 7 0 0 22 25 0 0 0 0 5 25 0 0 0 10 0 0 0 25 0 0 0 11 20 13 0 13 6 0 0 0 8 0 0 8 11 7 0 0 0 0 0 0 0 0 0 25 6 0 0 10 7 0 17 0 0 0 0 0 18 0 0 0 0 0 0 0 11 0 8 0 0 0 0 7 0 0 0 0 16 20 0 23 0 0 0 0 0 0 14 7 0 12 0 0 0 22 0 23 0 0 0 0 0 0 0 14 8 0 23 14 0 0 0 0 19 0 0 0 0 11 0 0 0 0 14 0 0 0 0 15 0 5 14 0 0 0 0 0 25 0 0 0 0 9 0 8 0 0 0 0 0 0 7 0 0 0 0 0 0 0 0 0 0 0 0 16 0 10 0 0 0 0 0 0 0 0 0 0 8 0 6 7 0 13 0 
0 0 0 0 0 16 0 8 0 0 0 0 0 0 0 12 19 0 7 23 0 0 25 0 0 0 0 0 0 0 24 0 0 0 0 0 0 0 22 6 19 0 0 0 8 0 0 0 0 22 0 0 0 0 0 0 0 0 0 24 0 0 0 0 18 15 0 0 0 0 0 0 0 0 12 0 0 0 0 7 14 10 0 0 0 0 0 6 0 0 0 0 21 0 0 0 16 0 0 8 0 0 0 0 0 0 0 0 0 0 21 0 0 0 0 0 0 0 20 0 6 0 8 0 0 0 0 0 0 0 15 15 0 0 0 0 0 0 9 24 0 0 10 0 0 0 5 0 0 0 0 21 0 0 0 0 9 0 0 0 0 10 13 0 11 0 0 0 0 0 23 0 0 0 0 0 0 0 0 20 24 0 0 0 0 7 0 0 0 0 19 0 0 23 0 0 0 0 0 8 
0 0 0 0 19 0 10 0 13 0 0 14 0 17 12 0 0 0 0 21 0 0 0 17 19 8 0 0 0 0 0 0 17 0 0 0 0 0 7 7 0 18 0 16 17 0 0 10 15 11 23 0 0 0 0 0 0 0 23 0 0 0 25 23 0 0 0 12 24 0 0 0 5 0 0 0 17 0 0 10 0 0 0 0 12 20 0 0 6 0 23 0 0 0 0 0 0 0 0 0 9 0 15 0 20 22 0 0 0 24 0 10 17 11 0 0 22 6 0 0 0 0 0 0 0 0 0 12 0 0 0 0 14 24 0 0 0 17 0 0 13 0 0 0 0 0 0 0 8 0 0 11 0 0 0 0 0 0 0 19 0 0 0 0 0 0 6 0 0 11 0 0 21 0 0 0 0 0 22 0 0 0 6 0 0 0 0 21 0 23 0 18 13 17 0 0 17 0 0 9 
0 0 0 0 0 0 0 0 11 0 0 0 0 12 0 9 23 0 0 0 0 0 0 0 0 0 0 0 0 5 0 0 17 0 0 10 12 0 5 9 10 0 0 0 0 0 12 0 0 0 0 0 0 0 0 0 19 0 0 0 0 0 0 0 0 0 0 0 0 0 0 0 7 10 0 0 0 0 7 0 0 0 0 0 7 13 0 0 0 0 0 0 0 0 0 0 0 0 0 24 0 7 0 0 18 20 0 0 0 9 0 0 0 0 0 0 0 0 0 0 0 6 0 5 0 0 0 0 0 14 0 0 0 8 0 6 17 0 0 0 0 22 0 0 0 0 0 0 0 0 17 0 0 0 12 0 25 0 0 0 16 0 0 0 0 0 0 0 9 12 11 0 0 14 0 0 0 7 22 0 0 0 0 0 0 0 0 23 0 14 0 0 0 21 0 0 0 0 0 0 
0 0 0 0 0 0 19 15 0 0 0 0 0 0 0 0 0 13 0 0 0 0 0 0 0 0 15 0 0 0 0 0 0 13 0 0 16 0 0 0 0 11 0 11 0 17 0 23 0 22 0 0 0 0 0 0 0 11 0 0 0 0 23 0 0 12 0 0 0 0 0 0 0 0 0 16 10 21 0 0 0 0 0 0 0 0 0 21 0 0 0 0 0 0 7 0 10 11 5 25 0 21 0 0 0 0 0 25 0 0 18 17 0 0 11 25 13 0 11 0 9 0 0 0 0 0 0 0 0 0 0 0 0 0 0 0 0 9 24 18 6 0 0 19 0 0 0 0 0 0 0 0 6 21 0 0 0 0 0 0 0 17 0 0 0 20 0 14 24 0 25 0 13 0 24 21 0 0 0 11 0 0 25 0 0 0 0 0 0 0 17 0 8 0 0 0 0 0 20 8 
0 0 18 0 0 0 11 11 0 17 23 0 7 0 0 0 0 0 0 16 10 8 0 0 0 0 7 0 0 11 0 8 0 17 0 0 15 0 0 17 10 0 0 0 13 0 12 0 0 15 9 0 0 0 0 0 5 0 14 0 0 0 0 22 0 11 0 0 0 0 0 0 0 13 0 0 0 5 13 0 23 0 0 0 8 0 9 0 16 0 0 14 15 11 0 0 19 0 0 0 0 0 9 0 0 0 0 17 0 0 0 0 0 0 0 0 0 21 0 0 0 0 0 0 0 0 0 0 0 0 22 0 0 9 15 19 5 0 0 0 24 20 21 0 0 9 0 0 0 0 0 0 12 0 0 0 0 0 0 0 0 0 20 13 0 0 24 0 0 0 0 0 0 0 5 0 0 0 17 0 0 0 0 0 0 0 0 10 0 0 0 0 0 9 0 11 0 0 19 0 
0 0 0 0 0 0 7 0 5 0 0 0 0 10 0 5 7 20 0 0 0 8 22 0 0 0 0 0 0 20 0 0 0 0 0 0 0 0 0 0 19 0 0 0 0 0 7 0 0 0 0 0 0 0 0 0 0 14 9 0 0 0 0 0 0 0 20 0 24 0 0 0 0 0 0 0 0 0 0 0 0 0 14 0 0 18 0 0 7 0 12 6 0 0 0 11 0 0 0 0 0 0 0 8 6 11 6 0 0 0 0 24 0 0 0 0 0 0 0 0 0 0 14 0 25 0 0 0 0 23 0 16 0 0 19 10 0 5 0 0 23 0 0 0 0 0 0 0 22 11 19 0 12 0 11 0 0 0 0 0 0 21 0 0 0 0 11 0 0 0 0 0 0 0 0 0 0 17 0 0 0 24 0 11 22 0 19 6 0 18 17 0 0 0 15 0 15 21 0 0 
0 23 0 0 0 0 0 0 0 0 0 0 0 0 0 0 0 0 0 0 0 0 0 0 17 0 0 0 0 0 0 0 0 0 0 0 25 0 0 0 0 18 0 0 0 0 0 0 12 0 0 0 13 20 0 10 0 0 13 11 15 0 24 0 0 16 0 0 0 0 22 6 0 21 0 8 0 0 0 0 0 14 0 0 14 15 0 0 0 0 25 17 0 0 0 6 0 14 0 0 12 17 0 0 0 12 0 0 0 0 0 0 0 0 0 0 5 0 0 10 0 0 6 0 19 0 0 0 5 0 0 0 0 0 0 0 5 9 0 0 17 8 24 0 0 0 0 0 23 11 16 21 0 0 16 0 0 0 0 0 23 0 0 0 0 0 0 0 0 0 16 24 0 0 0 0 0 10 0 16 0 21 0 0 0 18 19 0 5 8 0 0 0 0 22 0 0 0 0 0 
14 10 10 22 0 9 8 15 0 0 0 0 0 0 0 0 0 8 0 0 8 5 0 0 0 0 16 14 0 0 0 0 16 0 0 0 0 25 0 0 0 0 0 0 0 0 0 25 0 0 0 7 17 0 11 0 0 0 0 0 0 0 0 8 0 0 0 0 0 0 0 0 0 14 0 0 17 22 0 0 14 17 0 0 0 0 0 19 0 0 0 0 0 0 0 0 0 0 9 0 0 10 13 0 0 0 0 0 0 16 25 0 17 20 15 0 0 0 0 19 0 0 0 0 10 0 21 0 0 0 8 0 0 0 16 13 0 0 0 21 0 22 8 13 19 0 0 0 0 25 21 0 0 14 0 0 0 6 10 21 0 0 0 0 0 9 0 0 0 7 0 0 0 0 0 0 5 0 23 0 0 0 0 0 8 0 0 0 0 0 0 0 0 0 0 0 0 23 0 0 
0 0 23 24 0 0 0 15 0 0 0 0 0 21 8 0 5 0 10 0 24 25 0 0 0 7 9 0 0 0 22 14 17 24 0 0 0 0 0 20 0 0 10 15 0 0 0 0 0 18 0 0 0 0 0 0 0 0 0 0 0 0 0 0 0 0 0 0 0 0 0 23 0 18 0 0 0 0 0 0 7 6 0 0 0 0 8 17 0 0 21 0 0 0 0 24 0 0 16 0 0 0 0 0 0 22 7 0 6 0 20 0 0 0 0 10 14 13 0 0 23 0 0 18 0 0 0 0 14 23 0 0 0 21 0 0 0 25 0 0 0 0 22 0 0 24 0 20 0 20 0 0 0 21 13 0 0 25 0 0 0 0 0 20 8 0 15 9 0 0 0 0 0 22 0 0 22 0 16 0 0 0 0 11 15 8 22 6 0 5 0 0 0 20 0 0 0 5 0 0 
0 0 0 0 0 0 17 0 14 18 0 0 0 0 0 0 0 0 0 19 0 0 0 0 0 0 0 0 0 0 0 0 0 0 0 0 0 0 0 0 0 0 0 11 0 0 0 0 0 0 0 0 0 0 0 0 0 19 0 0 5 0 0 19 0 16 0 0 0 14 0 0 0 0 5 0 0 0 0 13 0 0 0 0 0 14 0 0 0 0 0 0 0 0 16 0 0 0 14 24 0 0 0 0 0 12 0 0 0 0 0 0 0 19 0 0 0 0 0 0 0 11 0 0 0 0 0 0 25 0 12 14 0 0 0 0 0 0 0 8 0 17 0 0 0 21 0 0 0 0 0 0 0 10 22 0 0 0 0 0 0 0 19 0 0 0 18 0 0 0 0 0 0 0 8 0 0 13 0 0 0 6 0 0 0 12 0 0 0 0 0 0 0 0 16 11 25 0 0 18 
0 14 0 0 0 0 0 0 0 0 11 0 9 14 16 20 0 19 16 0 0 0 0 0 0 0 0 16 0 0 0 21 22 0 0 0 0 0 0 6 0 0 0 0 0 0 0 0 0 0 0 0 22 0 0 0 0 0 0 0 0 0 0 0 0 0 0 0 0 0 0 0 15 15 0 0 0 24 0 0 0 0 22 5 0 0 0 0 0 0 6 11 0 0 0 0 0 0 0 0 0 0 11 0 0 19 0 0 11 18 13 0 0 0 0 0 0 0 0 0 0 0 22 0 0 0 18 7 18 20 0 0 0 0 0 19 0 0 0 0 0 0 0 0 0 0 12 11 0 0 7 0 24 5 12 0 0 10 0 14 0 0 0 0 0 0 0 0 0 18 6 19 0 0 0 8 0 0 0 18 0 0 0 23 0 13 0 24 0 0 11 0 0 0 0 0 0 0 0 0 
0 15 17 0 0 0 5 0 25 5 0 11 16 0 10 0 0 0 0 0 0 0 0 0 0 0 6 0 0 0 20 13 0 0 0 0 17 8 0 0 25 0 16 0 0 0 0 9 0 0 23 0 0 0 0 0 0 13 0 0 5 24 11 0 0 0 0 0 0 0 0 0 0 0 0 0 0 0 0 0 0 9 23 0 0 0 0 0 0 0 11 0 0 0 0 0 0 0 0 13 0 0 0 0 0 6 0 0 0 24 16 0 23 0 11 0 0 5 0 13 0 0 11 0 0 0 0 0 0 0 0 0 0 0 0 19 15 11 0 12 0 24 23 6 0 8 0 0 0 0 0 21 0 25 0 0 0 0 0 0 12 0 25 0 0 20 0 0 0 0 0 13 0 13 0 10 19 0 0 0 13 0 0 15 0 0 0 0 25 23 0 13 0 9 0 19 0 0 0 0 
0 0 7 0 0 0 0 23 0 0 0 0 0 0 0 0 0 0 0 22 0 0 18 16 0 8 0 22 0 0 0 8 16 0 0 0 0 0 5 0 0 14 0 0 0 0 0 0 0 0 19 0 11 0 0 0 22 0 0 0 10 0 0 0 0 0 0 0 0 0 15 22 20 0 0 0 16 12 7 0 0 0 0 0 0 0 11 0 0 0 0 0 10 0 0 0 0 0 0 16 0 0 0 0 0 0 0 0 0 0 0 0 0 0 11 0 13 0 0 0 22 10 0 0 6 0 0 8 0 0 11 21 5 0 10 0 6 0 0 17 0 0 25 0 0 0 0 0 0 10 0 0 0 0 20 19 0 25 0 22 0 11 0 0 10 0 0 18 11 0 0 0 0 15 0 0 0 0 0 0 0 0 0 0 0 0 0 0 0 0 23 0 0 0 14 0 0 0 0 0 
0 20 0 19 0 0 0 0 0 20 12 0 0 11 25 0 0 15 0 0 0 0 0 0 16 22 0 22 0 9 0 5 14 0 0 0 0 0 0 0 8 0 0 0 0 0 0 0 25 0 13 0 0 0 0 0 0 0 0 0 0 0 0 0 0 0 5 0 0 0 0 21 25 0 0 0 0 0 5 0 0 0 0 0 9 0 0 0 0 0 0 0 23 0 0 0 18 0 0 0 12 0 22 0 0 16 22 0 0 0 15 0 8 0 0 19 20 24 0 0 0 13 19 0 10 8 0 0 0 0 0 0 0 0 0 0 0 24 19 7 0 0 0 0 0 0 0 0 0 0 0 0 0 0 0 0 0 0 15 22 0 0 0 0 10 17 0 0 0 21 17 0 0 0 0 11 0 11 0 15 5 0 0 0 15 0 0 0 10 0 17 0 0 0 0 0 14 6 0 0 
0 0 0 9 0 0 0 0 20 0 0 0 21 0 0 0 0 0 0 0 0 0 0 0 0 7 0 6 0 0 0 0 6 0 14 0 0 18 0 0 9 0 0 0 0 0 0 0 0 0 0 0 0 0 0 0 0 0 0 0 7 0 0 17 17 18 18 15 22 0 0 5 0 24 15 0 0 0 0 0 18 0 0 0 17 0 0 0 0 0 0 0 0 0 0 24 0 9 0 0 19 12 14 9 0 0 0 0 14 0 16 0 0 0 11 0 0 0 0 0 0 0 0 0 21 15 0 0 0 0 0 24 15 16 0 0 25 17 0 24 0 0 0 0 11 0 0 16 0 0 6 0 14 0 0 15 0 0 0 0 19 0 23 0 0 0 0 0 0 12 9 0 13 0 0 18 0 0 11 13 0 0 0 0 0 0 15 0 0 0 0 0 0 0 0 0 0 0 17 0 
0 25 0 0 0 11 10 15 23 0 22 7 7 11 19 0 6 18 0 5 0 25 0 0 0 0 0 9 0 0 0 0 0 0 0 11 0 0 0 8 0 0 0 0 0 0 0 0 0 0 0 0 6 0 8 0 0 0 0 0 17 0 21 6 22 10 0 0 0 0 0 0 5 0 0 0 7 9 0 19 0 0 0 0 20 0 0 0 0 9 22 0 19 13 0 0 0 0 25 0 0 0 0 9 0 6 0 0 19 0 0 0 0 0 23 12 0 0 0 0 0 0 6 0 0 0 0 0 0 0 12 0 0 0 0 0 0 22 0 0 25 0 0 13 0 0 0 16 21 0 0 0 0 0 0 0 0 0 0 5 0 23 0 0 0 0 0 0 0 19 0 7 9 0 6 22 19 0 0 17 13 0 22 0 0 0 0 0 0 0 0 0 0 0 0 0 0 0 9 0 
0 0 20 0 0 0 0 0 0 0 0 0 12 15 0 0 11 0 0 0 0 0 0 11 0 25 0 0 0 0 0 0 6 0 0 23 0 0 0 14 0 0 0 16 0 0 13 0 0 0 0 11 0 0 0 0 0 18 0 13 0 22 0 0 0 7 0 0 17 9 0 18 0 0 0 0 0 0 6 25 0 9 0 0 0 0 0 10 0 0 7 22 0 0 12 15 8 0 0 22 0 0 0 0 9 0 0 0 0 0 0 0 7 0 0 0 0 0 0 0 16 22 0 0 0 0 0 22 0 0 0 0 11 0 0 0 0 0 0 0 0 0 0 0 21 0 23 0 13 0 10 0 0 10 5 0 0 17 12 0 13 0 24 25 0 0 0 0 0 0 0 0 0 0 18 0 0 14 0 25 24 0 25 0 0 0 0 0 0 12 0 14 6 0 0 0 0 24 0 0 
0 0 0 5 0 0 0 9 0 18 0 0 0 17 0 0 0 16 0 0 0 23 0 0 0 0 0 0 0 0 0 21 0 0 0 0 0 0 0 0 0 0 0 0 0 0 0 0 0 0 0 0 0 7 0 0 7 0 0 0 0 0 0 0 5 0 0 0 0 0 24 16 0 0 0 17 0 0 0 0 0 15 16 0 9 0 0 0 0 0 0 0 13 0 9 0 24 0 21 0 14 0 0 0 13 0 0 8 0 0 0 0 0 9 0 0 21 16 0 0 0 23 0 0 0 0 19 0 0 21 0 0 16 0 0 15 23 0 0 0 0 0 0 22 6 8 0 0 0 0 0 0 0 0 0 0 0 0 0 0 20 0 0 15 0 0 0 0 0 0 0 0 0 0 0 15 8 0 13 14 22 0 23 0 0 0 0 0 0 0 12 10 0 16 0 0 0 0 0 22 
0 0 22 0 19 0 0 14 0 0 0 0 14 0 0 0 0 0 0 0 0 0 19 0 0 0 0 17 0 0 0 0 0 18 0 17 0 22 0 0 0 0 0 0 13 0 0 0 0 9 5 0 23 0 0 0 0 0 17 0 0 0 0 7 0 0 0 0 0 0 0 20 9 0 13 0 16 0 0 0 0 0 0 0 15 0 0 0 14 0 0 21 0 0 0 24 0 0 0 0 0 0 0 5 17 0 0 9 18 0 0 20 0 0 0 0 8 0 0 0 24 24 0 8 0 0 0 0 0 15 6 0 0 0 0 0 15 0 0 0 0 0 18 0 19 0 5 0 21 0 0 0 0 0 0 0 0 0 0 0 0 0 7 11 0 0 0 0 0 0 0 0 0 0 0 0 0 0 0 0 16 0 0 10 0 0 0 0 0 18 0 0 0 0 0 0 0 0 0 0 
0 0 19 0 0 0 0 0 0 0 0 0 0 21 0 0 0 0 0 0 0 0 18 0 12 0 0 0 7 0 16 0 0 25 14 0 0 25 5 21 0 0 0 0 0 21 0 0 0 12 16 0 6 0 0 0 0 0 0 0 7 0 0 0 0 0 0 0 25 0 25 24 0 0 0 0 0 0 0 20 0 0 0 0 0 16 7 0 8 0 0 0 0 5 0 0 0 0 11 5 0 19 0 0 0 0 0 0 9 0 0 0 0 0 0 16 24 0 10 20 9 16 0 0 0 0 0 0 0 11 0 0 0 0 0 0 6 0 0 0 0 0 7 0 0 0 0 0 0 0 0 0 24 24 0 0 0 0 0 0 0 0 16 0 11 0 0 0 11 0 0 0 6 0 0 19 0 0 18 0 0 0 0 0 0 0 0 0 0 9 16 11 0 0 0 0 0 0 0 0 
0 0 0 0 0 0 0 24 0 21 19 0 0 9 17 0 0 0 0 19 0 0 0 0 0 22 0 24 0 0 0 0 0 11 0 0 0 0 0 10 0 0 19 10 0 0 0 0 0 0 0 23 0 24 0 0 0 0 0 0 0 7 22 0 0 20 6 0 0 24 0 11 22 0 5 0 0 0 0 14 0 0 0 0 0 0 14 15 0 13 0 0 8 0 0 0 0 0 0 0 24 10 0 0 9 19 0 0 0 0 21 0 0 0 0 0 0 0 19 0 17 0 0 0 5 0 0 9 0 13 0 0 17 0 0 0 0 0 21 0 0 0 9 6 0 0 0 0 14 0 0 12 0 0 17 0 0 0 0 9 0 0 24 0 0 11 0 0 0 0 0 17 0 0 0 0 0 0 0 0 0 7 0 10 0 0 0 18 22 0 8 0 23 0 0 0 0 0 21 21 
0 0 0 0 0 5 0 19 0 0 16 15 8 0 0 0 0 0 0 0 0 0 0 0 0 0 13 0 23 5 8 0 6 7 0 0 0 0 0 0 0 14 0 0 0 0 0 0 0 0 13 0 0 19 0 8 0 0 0 0 10 0 20 18 24 0 20 0 0 0 0 0 0 0 0 5 0 0 10 0 0 0 24 0 0 9 0 23 0 25 0 10 0 17 0 0 0 0 0 17 0 0 0 13 14 20 11 9 17 16 0 0 0 0 0 0 0 7 0 0 0 0 0 0 0 0 0 0 6 0 0 0 0 0 0 0 0 0 0 6 20 0 0 0 0 0 19 20 0 17 0 24 10 0 0 0 0 0 0 0 0 0 22 0 0 0 0 0 0 19 0 21 0 0 0 0 0 16 0 0 14 10 0 0 0 21 0 15 0 23 0 0 0 0 0 22 0 0 9 0 
0 22 9 0 0 0 15 0 0 12 10 0 13 0 0 0 0 0 0 0 25 0 0 0 12 0 0 0 0 0 0 0 0 0 0 0 7 0 19 7 0 9 11 0 0 7 0 0 0 0 0 0 0 0 24 0 19 0 0 0 0 0 0 23 0 0 0 7 0 0 0 0 0 0 0 0 0 0 0 0 0 0 0 0 0 25 0 18 0 25 5 0 0 0 0 0 0 0 0 0 0 0 0 0 0 0 11 0 0 15 0 0 0 0 11 0 0 0 0 25 0 0 14 0 0 0 19 0 0 0 22 0 0 23 15 0 0 8 0 0 0 0 0 0 0 0 0 0 11 6 22 5 0 0 5 0 0 25 0 0 16 0 0 7 0 14 0 0 0 7 0 0 0 17 21 0 0 0 0 0 0 11 0 0 0 0 0 0 0 9 0 0 0 0 14 0 0 12 0 0 
0 0 22 6 0 0 0 0 0 0 10 0 0 24 0 0 0 0 18 0 8 0 0 10 0 0 0 0 10 0 5 16 21 0 0 15 0 0 12 0 0 0 24 0 0 0 22 0 19 0 0 0 0 18 0 0 0 24 7 11 0 0 0 7 0 19 7 0 5 0 0 0 0 0 0 0 0 0 0 17 0 0 23 0 0 0 0 0 17 25 0 0 0 0 0 0 14 0 15 0 0 0 0 0 0 22 0 0 7 0 16 11 9 0 0 15 0 0 0 0 0 0 0 0 11 0 12 20 0 0 23 0 0 0 19 0 0 0 18 20 0 0 0 19 15 14 15 0 11 0 16 0 0 20 19 17 0 0 6 25 20 0 7 0 0 0 0 0 12 0 0 0 0 0 0 0 0 0 0 20 0 0 0 0 0 0 12 0 0 0 14 0 0 0 16 0 0 24 0 18 
0 5 0 0 0 13 0 20 13 0 0 0 0 16 0 0 24 0 0 0 0 0 0 0 0 0 0 0 0 0 0 0 0 0 0 0 0 5 0 0 0 0 0 24 0 0 0 0 0 0 0 15 12 0 0 0 0 0 0 0 0 0 20 18 0 0 0 0 0 14 13 14 0 0 0 0 0 0 0 0 0 0 0 0 0 0 0 0 0 15 0 21 0 0 0 5 0 16 0 0 17 15 21 14 0 16 0 0 0 0 0 0 0 0 0 0 0 25 0 12 0 0 0 25 0 0 0 10 0 0 0 0 25 0 0 8 0 0 0 0 0 0 0 11 0 0 25 0 0 0 0 21 0 25 0 0 0 0 0 24 0 21 0 12 10 0 7 0 14 0 12 0 0 0 0 22 0 0 0 23 0 0 0 0 0 19 0 18 0 23 0 16 0 24 0 0 0 0 0 11 
0 0 0 10 0 0 17 0 0 0 0 0 0 20 0 0 0 0 0 0 0 0 0 6 0 0 0 0 0 0 12 0 21 0 0 0 0 0 0 0 8 19 5 17 0 0 0 0 0 0 0 0 9 0 0 14 0 0 0 21 0 0 22 0 0 0 0 0 15 18 0 0 0 0 16 24 0 0 0 0 0 0 0 10 0 0 0 0 0 0 0 0 0 21 0 0 0 0 0 0 0 18 25 0 0 0 0 0 0 0 0 0 0 0 6 0 13 7 0 5 0 0 0 0 0 0 0 0 0 20 0 0 8 7 0 0 0 0 0 0 0 25 0 0 0 0 9 20 0 0 0 0 0 0 23 0 22 0 0 0 0 0 0 5 0 0 0 0 0 0 0 13 0 0 0 0 11 0 0 0 0 0 0 0 0 0 0 0 0 0 0 0 0 0 0 0 6 0 0 0 
0 0 0 0 10 21 0 0 0 0 0 0 0 0 0 0 0 5 21 0 0 0 0 0 23 0 0 0 0 0 0 23 0 0 0 0 0 0 0 0 0 0 0 0 0 0 14 0 0 0 0 0 0 0 0 0 20 0 10 10 0 0 0 0 0 18 0 0 0 0 0 0 12 9 0 0 0 0 0 0 0 18 0 0 25 0 0 0 0 0 0 0 0 0 0 0 7 0 0 0 0 20 0 13 5 25 0 0 0 20 23 0 0 0 0 0 21 15 0 0 0 0 7 7 0 0 18 0 0 0 0 0 14 0 0 0 0 0 0 0 0 0 21 0 0 0 19 0 25 0 0 0 0 0 0 0 0 0 0 0 0 0 23 0 18 0 0 22 0 0 0 0 0 0 0 0 0 0 11 17 0 0 0 9 0 0 0 6 0 0 7 0 0 0 16 0 0 25 6 0 
0 0 9 0 0 7 0 20 0 12 24 0 0 0 0 14 0 0 0 0 0 19 0 0 10 0 0 0 25 0 0 0 0 0 0 0 0 16 0 0 0 0 0 0 0 0 0 19 20 0 0 0 0 0 0 13 0 0 0 0 0 18 0 9 0 20 0 9 0 15 16 0 0 0 0 0 16 0 0 0 0 0 20 0 0 21 0 23 0 0 0 0 0 0 0 14 0 0 0 0 0 0 0 0 20 0 12 0 10 0 0 0 0 17 0 21 15 0 14 19 0 0 0 0 0 0 25 0 0 0 0 0 0 21 0 12 22 0 15 0 0 0 11 0 0 15 0 0 13 0 0 0 25 0 0 0 0 5 0 0 0 0 7 24 0 0 0 5 8 0 0 0 0 0 0 0 0 0 0 0 0 0 0 10 0 0 0 0 5 0 17 0 0 0 0 11 0 12 0 0 
0 0 0 17 0 0 8 0 19 21 0 0 0 0 0 0 0 0 0 17 19 23 0 0 0 10 0 0 21 0 0 0 0 0 0 0 7 0 0 20 0 0 0 17 0 0 0 0 0 0 0 5 0 18 0 0 0 11 0 0 0 0 24 0 5 0 0 0 0 0 0 0 0 21 0 0 0 0 0 0 0 0 0 0 0 0 0 11 0 0 24 0 0 0 0 20 0 0 0 0 16 0 0 0 11 25 14 5 0 0 11 0 0 14 25 0 0 0 0 0 19 0 0 0 8 0 0 0 11 0 0 0 0 0 0 0 0 0 0 0 0 0 0 0 0 0 0 0 0 16 0 0 0 0 0 23 0 0 8 21 0 14 0 0 8 0 0 0 0 0 0 0 0 0 0 19 0 0 0 0 0 0 0 0 0 0 0 0 0 0 0 0 0 0 0 0 0 24 23 0 
6 7 0 23 21 0 24 7 0 0 0 0 0 0 16 19 0 0 0 0 24 0 8 0 0 0 0 24 0 0 0 0 0 0 0 22 0 0 0 6 0 0 0 12 0 0 0 0 0 0 0 0 0 0 0 0 0 0 0 0 12 0 0 9 0 0 0 22 0 18 0 0 0 0 0 0 0 0 15 0 0 20 0 0 7 0 11 0 11 0 0 13 0 0 0 0 0 0 0 0 8 0 0 8 6 0 0 0 0 0 0 0 19 0 0 0 23 0 0 0 0 0 0 0 0 0 0 20 0 24 12 0 7 0 0 0 0 0 25 0 0 0 0 0 16 16 0 22 0 0 0 0 0 0 10 0 20 0 0 0 0 0 0 0 0 0 12 0 0 0 25 0 0 0 25 0 20 0 0 0 20 0 0 0 0 15 19 0 0 0 0 0 0 0 0 20 0 21 0 0 
0 20 0 0 25 0 5 0 10 0 0 0 0 0 0 0 0 20 20 0 18 0 0 17 0 21 0 0 0 7 0 0 0 0 0 13 0 17 0 13 16 7 0 24 14 0 0 0 0 0 5 21 0 0 0 25 0 25 13 8 0 0 19 18 8 21 0 11 0 16 15 6 0 9 0 13 21 12 0 0 21 0 0 9 0 0 0 0 0 0 0 0 7 0 0 0 0 7 19 10 0 16 0 25 0 19 0 0 5 0 0 22 13 0 0 0 0 24 0 0 21 0 0 0 0 0 0 0 0 0 20 0 7 0 0 12 0 0 0 0 0 5 0 15 0 0 0 0 0 0 0 25 0 20 0 25 22 0 19 0 0 0 0 25 18 0 0 0 0 19 0 15 0 16 0 0 0 0 16 0 15 17 24 0 0 0 0 0 15 0 0 0 0 0 0 0 0 0 25 0 
0 0 0 0 0 22 25 12 0 0 0 0 19 0 0 7 20 0 0 0 0 0 0 15 0 0 23 0 0 0 8 0 0 0 0 0 0 11 0 0 0 5 0 11 17 18 0 0 0 0 24 0 0 0 0 0 0 0 11 0 0 12 0 19 0 0 0 0 0 24 5 7 0 0 0 22 0 0 0 0 0 0 0 22 5 0 0 0 23 0 0 0 0 24 8 20 0 0 0 0 0 0 10 0 0 0 12 0 0 0 0 0 10 0 12 20 11 0 0 12 0 0 21 0 0 0 23 0 13 0 0 0 0 0 0 0 0 0 0 0 11 0 0 0 0 0 18 0 0 0 0 0 0 0 23 0 0 16 0 0 0 0 0 15 0 18 0 0 0 0 0 0 0 0 15 0 0 0 0 0 16 25 0 0 0 0 17 0 0 0 0 0 0 0 0 0 0 0 7 0 
14 0 7 0 0 0 0 24 0 0 0 0 19 0 7 0 0 6 0 0 0 0 0 0 0 0 16 0 24 16 0 8 0 21 0 0 0 22 7 9 0 0 5 15 0 24 0 0 0 0 6 0 0 0 9 0 15 21 0 0 0 0 0 0 12 21 0 0 0 0 8 0 0 0 0 0 0 0 0 15 0 7 0 0 0 0 0 0 8 0 0 0 0 0 0 0 0 19 25 0 0 17 0 0 0 0 11 0 0 0 18 0 18 0 0 0 0 18 0 20 0 0 0 0 0 15 0 0 20 17 0 11 9 0 0 0 0 0 0 0 0 0 6 0 19 0 0 0 0 0 13 22 0 13 10 0 0 0 0 0 0 0 0 0 24 0 23 17 0 12 0 0 0 5 6 22 0 0 0 0 0 25 18 0 5 21 0 0 25 24 0 0 0 18 6 0 0 0 0 0 
0 0 5 0 0 0 10 20 0 17 0 0 10 21 24 11 0 0 0 0 0 0 14 0 0 0 0 0 0 0 0 22 0 8 0 0 0 0 0 0 16 0 0 0 0 0 0 0 0 0 0 0 0 0 0 0 0 0 0 0 22 0 0 19 0 0 20 0 21 0 0 21 0 10 17 0 10 0 9 12 0 0 8 0 0 0 0 0 21 0 0 11 0 0 0 0 0 0 0 22 9 0 0 0 0 0 25 0 0 0 0 0 0 0 0 0 0 0 0 0 0 24 23 13 0 0 0 23 0 0 0 0 20 0 0 0 0 11 0 5 0 0 0 11 0 0 0 0 0 0 0 16 0 8 25 0 0 0 0 0 0 0 11 0 0 0 0 0 11 12 0 0 0 15 0 0 19 0 6 22 8 0 0 6 0 0 0 0 0 0 0 0 0 0 11 0 0 0 0 16 
0 0 0 20 0 13 9 0 13 9 0 0 0 23 0 0 0 5 0 7 0 18 0 0 13 0 0 0 0 0 11 0 0 0 0 0 0 0 23 15 0 11 0 9 0 0 0 0 21 0 0 0 0 9 0 0 0 0 0 0 0 25 0 7 0 0 0 0 0 11 0 23 0 5 0 0 22 0 23 0 0 0 0 0 0 0 0 0 0 0 0 0 0 11 0 0 0 16 0 0 0 0 0 0 0 0 0 0 10 6 11 0 0 0 0 0 0 0 25 22 0 0 15 0 19 0 13 0 15 0 0 0 0 18 0 0 0 0 11 0 21 0 0 0 0 0 0 23 0 0 0 0 0 0 14 16 16 0 0 0 16 12 24 9 0 0 0 0 7 18 0 0 0 0 0 0 11 0 0 0 0 0 23 0 0 0 0 13 0 0 0 0 0 19 0 0 0 22 21 0 
0 0 0 0 0 22 0 0 14 24 0 0 0 19 0 0 0 0 0 0 20 14 21 0 5 23 17 0 0 14 0 0 0 0 19 12 18 0 0 0 0 0 0 25 21 10 24 0 5 25 11 0 0 0 0 0 0 21 0 0 0 0 14 0 0 0 0 14 0 0 0 0 0 14 0 0 0 0 0 0 0 0 0 0 0 16 0 0 7 6 13 24 0 5 0 0 0 0 8 0 0 0 0 0 0 6 0 0 0 0 0 0 0 22 0 0 0 0 0 0 0 0 0 0 21 13 0 0 8 0 0 0 0 0 24 0 23 0 9 0 0 0 23 0 15 0 0 0 20 0 0 0 17 0 0 0 0 0 0 0 23 19 0 0 0 8 0 0 0 0 0 0 0 0 0 0 0 0 0 0 0 0 0 0 0 9 0 0 23 0 0 0 12 0 0 0 0 0 0 0 
0 0 0 0 8 0 0 0 14 0 18 13 0 0 19 0 0 8 0 0 6 0 0 0 0 0 0 0 0 25 10 0 0 17 23 0 10 0 0 0 0 0 0 0 8 0 24 0 0 0 0 0 14 0 24 0 0 0 0 0 0 0 8 0 11 0 15 0 0 0 5 0 11 0 0 0 0 0 0 0 0 0 8 0 0 0 0 0 0 0 0 0 8 19 0 0 20 8 0 18 0 12 0 11 0 0 0 0 0 0 0 0 0 13 0 0 0 0 0 0 0 25 0 0 23 0 0 0 0 0 0 0 0 0 0 9 19 0 0 0 0 0 0 0 0 0 14 0 0 0 0 0 0 0 23 11 0 0 0 0 0 22 0 0 0 0 0 0 0 0 0 0 0 8 0 0 0 9 10 21 0 8 0 0 0 0 0 0 0 15 25 17 0 11 0 0 0 15 0 0 
7 21 0 20 0 25 0 0 0 14 0 0 0 19 0 6 0 16 5 0 0 0 0 0 13 0 0 0 0 0 12 0 7 0 18 0 19 14 0 0 0 17 22 0 7 0 0 0 15 7 0 0 0 0 0 9 25 13 0 0 0 0 16 0 14 0 0 0 0 0 0 0 6 22 0 0 0 0 0 0 0 0 0 0 8 14 0 0 0 11 8 0 12 0 0 0 0 0 0 19 12 0 0 16 0 0 0 0 0 0 21 0 0 0 0 0 18 0 7 0 0 0 7 11 19 0 0 0 0 0 0 0 0 0 0 0 0 19 0 0 7 24 0 0 0 22 0 14 0 0 0 0 0 0 0 0 0 18 25 0 0 20 0 6 0 0 0 0 0 0 0 0 0 0 0 22 0 0 0 10 0 0 0 0 0 0 12 0 0 18 0 0 0 0 0 0 0 0 0 0 
0 11 0 0 0 0 14 19 14 0 0 22 0 0 0 0 0 0 24 0 0 0 0 0 0 0 0 0 22 25 0 11 20 12 5 0 15 14 17 0 7 9 0 0 0 0 0 15 0 17 0 8 0 0 23 0 20 8 0 0 0 0 0 0 0 0 0 0 0 25 0 14 0 0 0 0 0 0 13 0 0 0 0 0 0 0 0 5 24 0 0 13 15 25 0 0 14 0 0 0 11 0 0 10 0 0 0 0 0 0 0 0 13 0 0 12 0 25 0 0 0 0 0 25 0 0 0 0 0 0 0 0 0 10 0 8 0 0 0 0 0 0 0 0 0 0 13 0 12 9 0 0 0 0 0 0 0 0 0 0 0 0 8 0 0 7 0 5 0 0 0 0 21 0 0 0 0 25 0 0 16 0 0 22 0 0 0 0 0 0 5 0 0 0 0 19 5 0 0 0 
17 0 0 0 0 0 0 0 13 0 0 0 0 0 0 0 16 19 15 0 0 0 0 0 11 0 0 0 0 0 0 0 0 13 0 23 0 0 14 0 0 0 25 0 0 0 0 0 0 0 0 0 0 0 0 12 10 0 0 0 0 0 0 0 0 0 0 17 0 0 0 0 15 0 0 0 0 0 0 0 0 0 5 0 0 5 0 0 0 0 0 0 0 0 0 6 14 0 0 21 6 0 18 0 0 0 0 0 0 0 0 7 12 0 0 0 0 0 0 0 0 8 0 0 5 18 9 0 0 0 0 0 0 21 0 0 0 0 0 0 0 0 0 0 14 0 0 0 0 14 0 0 0 0 0 0 7 0 0 0 0 0 0 0 0 0 0 0 0 0 0 0 21 0 0 10 0 6 0 11 0 0 17 0 8 0 9 24 0 0 0 5 0 0 0 0 0 0 0 0 
0 13 0 0 0 0 21 0 0 0 0 6 0 0 0 0 0 0 0 0 0 0 0 0 0 22 0 0 0 0 0 21 0 17 0 0 0 0 0 0 0 0 0 0 0 7 0 0 14 0 0 0 0 0 18 0 9 14 0 15 0 0 0 17 0 0 0 0 18 0 0 0 16 0 0 16 0 0 0 0 0 0 24 0 0 0 0 0 0 0 0 25 0 0 0 0 0 0 15 0 0 0 17 0 13 0 0 0 0 0 18 25 0 0 0 0 0 7 0 0 0 0 0 0 0 17 0 0 0 0 0 16 0 0 0 0 0 0 19 15 0 0 0 0 0 0 0 0 0 0 0 0 0 0 0 0 0 0 0 0 0 0 0 0 0 0 18 0 0 0 0 0 0 0 0 0 0 0 0 0 0 0 0 0 0 0 0 0 0 0 0 0 0 0 8 0 0 0 0 0 
0 0 11 0 0 23 0 0 0 0 0 0 23 0 5 14 0 0 0 0 0 0 0 9 18 0 0 0 15 0 10 0 0 0 0 0 0 0 0 0 0 0 0 0 0 23 0 0 0 0 0 0 0 0 11 0 0 0 0 0 0 0 0 0 0 0 0 21 0 0 20 0 0 11 0 15 0 0 18 0 0 0 0 0 25 12 0 23 0 0 0 0 7 0 0 0 0 0 0 0 0 0 0 0 0 0 0 0 0 0 0 0 20 0 0 0 0 0 0 0 21 0 0 0 22 19 0 0 21 7 0 0 0 6 0 0 0 0 0 0 10 0 0 0 21 0 0 0 0 0 0 10 0 17 0 0 7 21 0 0 0 0 0 0 7 0 24 16 0 0 0 0 0 0 0 0 24 0 0 0 0 0 19 0 0 0 0 15 0 25 0 23 0 0 25 0 0 0 0 0 
0 0 0 0 0 0 0 0 0 0 0 0 0 0 5 0 16 0 0 0 0 5 0 0 25 7 0 0 0 0 23 0 0 23 16 0 0 8 0 0 0 0 0 20 0 0 0 0 9 7 5 0 0 0 0 11 0 20 0 0 8 6 0 19 0 0 0 0 23 0 14 0 0 0 0 11 0 0 0 16 0 0 12 0 22 0 0 8 0 0 0 0 0 0 11 0 15 0 5 0 18 0 0 0 0 10 0 0 0 0 22 0 0 21 0 0 0 21 0 9 0 0 10 0 0 0 0 20 0 0 0 0 0 0 0 0 21 0 0 0 0 0 0 0 5 0 0 13 0 0 16 0 0 0 0 0 0 0 7 0 0 6 0 0 0 25 7 0 0 17 6 0 0 6 0 18 0 0 0 0 0 0 0 7 23 0 0 0 20 0 0 17 0 0 0 0 0 16 0 0 
22 0 0 0 0 18 0 22 0 0 0 24 0 0 0 0 0 0 0 5 0 0 0 0 0 0 0 0 0 18 0 0 0 0 0 0 0 0 0 0 6 0 0 0 0 0 0 0 0 0 0 0 8 14 0 0 10 17 0 0 17 9 0 0 0 0 25 14 0 0 21 0 23 0 0 0 0 0 0 8 12 0 0 23 0 0 0 10 0 0 0 0 0 0 19 0 0 0 0 0 0 0 10 0 0 0 0 0 0 0 0 0 0 0 0 7 0 0 0 0 0 0 0 0 18 16 0 0 0 7 12 21 13 24 9 0 6 20 16 0 0 10 0 0 0 0 0 0 0 0 0 0 0 15 0 0 19 0 22 15 0 5 0 0 0 0 0 18 19 0 0 21 16 0 0 0 0 0 0 6 0 0 0 0 0 0 0 0 0 21 0 19 0 0 0 0 0 0 0 0 
0 9 0 24 0 0 0 0 0 0 0 0 0 0 0 19 0 19 23 0 0 13 0 21 9 0 0 7 0 0 25 21 0 10 0 0 0 6 0 0 12 23 10 0 0 0 0 0 0 0 0 18 0 0 0 10 0 0 0 0 0 5 0 0 19 0 12 0 0 0 0 0 0 0 6 20 0 24 0 20 0 7 0 24 0 0 0 0 20 0 23 12 0 0 0 0 0 0 0 6 0 0 0 0 0 0 0 12 20 17 5 0 0 0 0 0 22 10 18 6 0 19 0 0 16 0 10 0 19 0 21 20 20 11 0 0 0 0 0 0 0 0 7 0 0 0 0 11 0 13 6 17 0 25 0 22 0 17 0 0 0 0 13 15 0 0 12 6 19 0 14 8 0 0 0 0 0 0 0 0 0 0 17 5 0 0 0 0 0 0 0 0 20 0 0 0 0 21 0 0 
0 0 0 0 0 0 7 0 0 0 0 13 0 0 0 23 0 12 0 0 25 0 0 13 19 0 0 0 0 24 0 0 0 6 0 16 20 19 0 0 0 0 0 0 0 23 0 0 0 0 11 11 0 0 17 0 0 15 0 0 0 0 0 0 0 0 0 0 0 0 23 25 0 0 0 0 6 0 0 0 0 0 0 20 0 0 0 0 0 0 0 20 0 0 0 12 0 7 0 15 0 0 0 0 11 15 0 0 0 0 0 0 24 0 0 0 0 0 17 0 0 0 0 0 0 0 16 13 0 22 7 0 0 0 0 0 22 0 22 0 0 0 0 0 0 12 12 0 0 0 0 0 0 19 0 0 0 25 0 0 0 0 0 0 12 0 13 0 0 0 23 19 0 0 0 0 0 0 0 0 0 7 13 0 8 0 0 11 0 0 18 0 0 0 0 0 0 0 0 13 
0 12 25 14 0 0 9 0 0 22 22 0 0 16 0 0 0 11 0 0 24 0 0 0 20 10 0 0 24 16 0 0 18 0 0 0 7 0 17 0 11 7 0 10 0 0 0 0 0 0 0 0 19 0 0 0 0 0 0 0 0 0 24 0 0 0 0 0 0 19 0 20 18 10 12 0 25 19 0 0 0 0 0 0 20 0 0 0 0 0 0 0 19 0 0 21 0 0 0 24 11 0 0 21 0 0 0 19 19 18 0 0 24 0 0 0 0 0 0 0 25 0 0 0 0 6 0 0 18 0 13 0 9 0 13 0 0 0 0 12 0 21 0 0 0 0 16 0 7 0 0 0 0 0 0 0 0 0 0 0 0 0 0 23 24 0 15 21 0 21 0 0 0 0 0 0 0 0 23 0 15 0 12 17 17 10 6 0 8 0 0 15 0 0 7 0 0 0 10 0 
0 15 7 0 0 0 21 15 7 24 18 0 24 0 0 0 18 19 0 0 0 0 23 0 24 0 0 0 0 8 23 0 0 0 0 0 8 0 5 5 5 0 0 0 0 0 0 0 0 0 0 0 13 0 0 0 0 14 0 0 0 6 0 7 12 0 19 0 0 0 23 0 0 15 0 14 22 0 0 0 0 19 0 22 23 0 0 0 0 0 10 0 0 18 0 0 0 0 0 9 0 11 18 18 6 0 0 0 13 0 16 0 0 0 11 0 16 0 0 0 7 0 0 0 0 13 0 6 0 0 0 16 0 0 0 13 20 0 0 0 0 0 0 0 0 25 0 0 0 0 5 0 0 9 0 0 21 7 0 16 0 0 9 0 0 0 0 18 25 0 0 22 0 0 0 0 18 24 0 0 24 0 13 21 18 0 0 0 0 0 0 0 10 0 0 7 19 20 12 21 
12 0 0 0 0 0 0 0 18 25 19 0 0 0 0 0 8 0 0 22 9 0 0 0 0 0 0 8 0 0 0 0 0 0 0 15 11 0 9 0 0 0 0 0 0 0 0 16 17 0 7 0 20 0 0 0 0 0 0 0 0 0 0 0 0 0 0 0 0 0 0 9 0 0 0 0 9 0 23 0 0 0 0 10 22 0 0 0 0 0 0 0 10 16 8 0 0 9 19 21 0 0 0 0 0 0 0 0 0 0 0 0 18 0 0 0 0 0 0 0 0 18 0 13 0 0 0 12 0 0 0 0 0 0 0 0 0 0 0 0 0 13 0 7 25 9 0 0 0 0 0 0 19 0 0 0 0 0 15 0 0 0 0 0 0 22 0 0 0 0 0 21 0 0 0 0 21 8 0 0 0 0 0 11 0 0 0 0 0 0 0 21 0 0 0 0 0 0 5 0 
0 0 16 0 10 0 25 24 0 0 8 0 0 0 11 0 23 10 20 0 0 23 0 23 0 0 0 0 19 8 0 0 0 14 0 14 0 7 11 0 0 0 21 0 0 0 0 17 0 0 0 0 7 0 0 0 0 17 0 10 15 22 0 24 0 0 9 0 0 0 0 11 0 0 0 0 0 19 16 0 0 0 0 0 0 0 6 0 0 0 20 0 0 0 14 0 0 0 12 6 7 0 0 0 0 8 0 0 18 0 0 0 10 0 0 0 0 0 0 17 0 6 0 0 6 22 0 0 24 0 10 0 0 23 0 12 0 0 0 0 13 0 0 0 0 0 12 0 0 19 0 22 0 0 0 0 0 25 0 0 0 16 0 0 0 0 0 0 0 0 0 20 0 0 0 7 0 18 0 25 0 0 0 24 0 0 0 8 0 0 8 0 0 22 0 0 10 0 13 0 
0 7 0 0 0 0 0 0 0 0 0 0 7 0 0 0 15 0 8 0 0 0 0 0 0 0 0 0 0 0 10 0 0 24 5 0 0 0 0 0 0 0 0 0 0 0 0 0 0 15 0 0 0 0 0 0 0 0 0 0 0 0 0 0 0 0 0 0 0 0 12 23 0 17 0 0 23 0 0 0 12 0 0 20 0 5 0 7 0 0 0 8 0 0 0 0 0 0 0 0 0 0 0 0 0 0 0 0 12 0 0 0 6 0 0 14 0 0 0 0 8 0 17 0 0 0 0 0 0 0 0 0 0 0 11 0 20 0 0 0 0 0 0 0 0 0 0 0 0 0 0 0 0 0 0 0 11 25 0 0 0 7 12 7 0 0 22 0 0 0 0 0 7 0 0 0 0 0 0 0 0 0 0 0 17 0 0 0 0 11 0 0 0 0 12 16 7 0 20 0 
0 0 0 21 0 0 0 0 0 0 0 0 6 0 0 0 0 0 0 17 24 20 0 0 15 15 0 0 0 0 9 0 0 0 0 13 0 13 0 0 0 21 6 0 0 0 0 0 0 23 0 0 0 0 0 0 0 20 20 0 6 0 18 0 0 0 0 6 0 0 0 0 0 0 0 0 16 20 0 0 0 0 0 14 12 0 14 0 13 6 0 0 0 0 15 0 0 0 0 0 14 0 0 0 0 0 22 0 0 19 0 0 0 0 0 0 0 0 0 0 0 0 0 22 0 0 0 0 0 0 0 14 0 0 0 0 0 0 0 0 0 21 10 22 9 16 12 0 0 0 0 0 0 0 9 0 0 0 0 0 23 0 0 20 0 0 0 14 0 0 0 0 9 0 20 0 19 0 0 0 0 0 0 0 0 6 24 18 0 25 20 23 0 22 0 0 0 0 25 0 
15 0 21 0 0 0 0 0 11 0 0 0 0 0 0 0 0 0 0 5 0 0 0 0 0 12 20 0 0 19 0 0 0 0 10 0 21 0 20 6 15 19 0 0 0 0 0 0 0 0 0 0 0 0 10 0 0 0 0 0 0 0 0 0 0 0 0 0 0 0 8 0 0 0 0 14 9 0 0 0 0 0 0 0 0 0 0 0 7 22 0 25 0 0 0 0 0 0 5 0 14 0 0 0 19 0 0 0 0 0 0 0 0 0 0 0 20 24 0 0 0 0 0 0 0 0 10 0 0 0 0 0 0 0 0 0 0 0 16 15 16 0 0 0 24 13 22 13 0 0 0 15 0 0 0 8 0 0 0 0 0 0 0 24 0 0 0 0 0 0 0 13 0 0 0 6 0 0 0 0 0 0 0 0 0 0 0 0 0 0 17 7 0 21 0 0 11 0 0 0 
0 0 0 0 19 0 0 0 9 0 0 0 6 0 24 0 0 0 0 0 15 0 5 0 22 0 0 23 0 0 0 25 0 9 0 0 0 7 0 0 0 0 16 0 22 17 0 0 0 25 0 21 6 0 16 0 0 0 22 0 0 0 12 0 0 0 19 0 0 0 0 0 0 6 0 0 0 12 0 0 0 0 0 7 0 0 6 19 0 0 23 21 22 0 10 0 0 0 0 0 0 0 0 0 0 0 0 0 0 0 13 0 0 0 9 0 0 16 0 0 0 14 12 0 0 0 0 0 0 19 0 0 0 0 20 0 0 0 0 0 0 0 8 0 11 12 0 0 0 25 0 8 18 0 0 13 0 19 0 0 9 0 22 22 0 0 0 0 0 0 0 0 0 23 0 0 0 0 0 0 0 22 0 0 17 0 0 0 0 7 0 0 0 0 0 13 0 17 0 0 
0 5 0 0 0 0 0 0 0 0 0 0 0 17 11 0 0 0 0 20 0 0 0 20 0 0 0 0 11 25 20 21 0 0 0 0 0 0 0 14 13 0 0 0 0 0 0 9 0 0 0 24 0 0 18 0 10 0 0 0 0 0 0 0 0 0 22 0 0 0 0 19 0 0 9 0 0 0 12 0 0 9 23 0 24 0 0 0 0 0 0 0 0 7 10 0 0 12 0 0 0 0 0 21 20 12 0 0 0 0 19 0 0 0 0 0 0 0 0 0 0 0 0 23 0 0 0 18 0 0 0 0 0 0 0 0 0 0 0 0 0 0 17 0 0 21 0 0 0 0 0 0 5 0 0 0 0 0 0 9 0 0 5 0 0 0 0 0 0 0 0 0 0 0 0 16 13 0 0 0 0 0 0 0 0 6 0 22 10 0 0 0 0 0 0 0 0 0 0 0 
21 0 0 11 16 0 0 0 9 0 0 0 0 0 0 17 0 0 21 0 0 24 0 0 0 0 0 0 0 0 5 0 0 0 5 0 0 0 11 0 0 0 0 14 18 0 24 12 5 0 0 0 0 0 0 0 0 0 0 0 0 0 9 0 0 0 8 0 0 0 0 6 0 0 0 0 7 0 0 0 0 0 0 0 0 0 0 0 0 0 0 0 0 0 0 21 11 0 0 0 0 0 0 17 0 0 0 0 0 17 0 0 0 0 24 0 0 0 0 14 0 0 0 23 0 0 25 17 22 0 0 7 0 0 0 0 18 0 0 0 0 0 0 0 17 0 11 0 0 0 0 15 22 0 0 0 0 0 0 0 0 0 20 0 0 0 21 0 0 0 0 0 0 0 0 0 19 0 0 25 0 0 0 0 0 0 0 0 0 0 0 0 0 0 0 5 0 0 0 0 
0 0 7 0 23 0 0 0 0 0 0 0 0 0 12 0 0 0 0 21 0 0 24 0 0 0 13 24 0 0 0 14 0 0 5 0 0 0 0 0 0 0 0 0 0 0 18 0 0 0 19 0 0 0 0 22 0 0 8 0 0 17 11 0 0 0 0 0 0 16 0 0 7 0 0 21 0 21 0 9 18 24 0 0 0 0 0 0 0 0 0 0 9 0 0 0 20 0 0 0 0 0 0 0 0 0 24 0 0 0 0 0 0 0 0 0 0 0 0 0 0 0 0 0 0 5 0 0 0 0 15 20 0 0 0 0 0 0 0 15 0 9 0 0 0 0 0 22 0 0 0 0 0 0 20 0 0 0 0 17 0 0 0 0 0 0 25 0 0 0 0 0 0 0 0 0 0 0 0 0 0 0 0 0 0 7 13 0 13 0 7 11 0 0 0 8 0 0 18 0 
0 0 0 0 0 0 0 0 0 0 24 13 0 0 0 11 0 24 21 0 0 0 0 0 0 0 22 24 0 0 0 0 10 0 5 7 0 0 0 0 24 0 10 0 0 0 8 11 0 0 0 25 23 21 0 0 10 0 0 0 0 0 0 0 20 0 0 0 0 0 0 0 0 0 0 0 0 0 0 0 16 0 0 18 14 0 0 0 8 0 0 17 0 21 20 9 0 0 0 23 15 0 0 0 0 0 0 0 0 0 24 0 17 7 13 0 8 0 6 0 17 19 8 0 0 0 21 0 0 20 24 0 23 0 0 21 0 0 0 0 12 24 9 0 0 0 9 0 8 0 0 0 0 13 0 0 0 0 0 0 22 0 0 0 8 0 15 21 0 0 10 0 8 0 0 0 24 0 25 0 23 0 0 0 0 0 0 0 0 12 0 18 10 0 0 17 0 0 15 0 
0 10 0 0 23 0 0 0 0 11 23 7 21 23 0 0 0 0 0 0 7 0 0 0 0 0 0 15 0 0 10 5 0 0 0 0 0 0 0 0 11 0 15 0 0 14 0 0 16 0 0 0 0 0 0 0 0 0 0 12 0 13 0 0 0 15 0 0 0 9 0 19 0 16 21 20 0 0 0 0 0 0 0 0 0 0 0 0 10 0 21 0 0 0 0 25 0 0 0 0 0 15 0 14 0 0 0 10 0 0 0 0 0 0 0 0 0 0 0 0 11 0 0 0 0 0 0 0 0 19 16 16 0 0 0 0 0 0 0 0 0 0 0 0 0 0 0 0 0 11 20 0 22 0 0 11 8 6 0 0 6 0 0 17 24 0 0 0 0 0 19 0 0 25 0 0 13 0 0 0 0 0 23 0 0 0 0 0 0 0 8 0 9 0 0 16 0 0 0 0 
0 0 0 0 0 5 0 0 24 0 0 0 0 0 0 0 0 0 24 5 0 0 21 0 19 0 6 0 0 0 0 0 8 0 0 0 0 0 0 0 0 0 0 0 0 0 0 0 19 0 0 13 15 0 19 0 0 22 0 17 0 18 0 7 9 0 0 18 0 0 0 0 0 23 0 0 0 0 0 0 0 0 0 0 0 0 0 0 0 0 0 0 0 0 0 0 0 0 0 0 0 0 0 21 0 11 18 0 0 24 0 0 0 0 0 0 14 0 0 0 22 0 0 18 0 0 0 0 0 0 7 0 0 5 13 10 0 0 14 0 12 0 0 0 0 11 0 0 25 0 23 0 0 9 0 0 19 0 0 0 22 0 0 0 0 0 0 0 6 0 0 0 0 0 0 0 0 0 0 20 0 0 0 11 0 8 0 12 22 12 0 11 12 0 0 0 0 19 0 25 
5 0 20 0 0 5 0 9 0 0 19 0 0 16 0 15 23 0 0 16 0 21 0 0 0 0 0 0 0 13 0 0 0 16 0 20 20 18 0 0 0 0 0 11 0 0 0 0 0 0 23 0 0 25 0 0 0 0 10 0 0 0 0 22 12 19 0 0 0 16 0 20 8 0 0 0 0 0 12 0 0 9 0 0 0 0 0 0 8 0 0 0 0 5 0 8 0 0 0 0 0 12 18 0 20 10 8 0 5 25 0 0 6 18 0 0 0 18 8 0 0 0 0 0 0 0 0 0 0 0 0 0 0 0 0 0 0 0 0 0 0 9 0 0 0 0 0 7 0 0 0 0 0 0 0 0 0 0 0 0 0 0 0 0 0 0 0 0 0 0 21 0 6 0 0 0 21 0 0 0 0 19 0 0 0 0 0 0 0 0 0 0 0 0 6 0 0 0 0 0 
0 0 0 8 0 0 0 0 0 0 0 0 0 0 0 14 0 0 14 0 0 0 21 6 0 0 0 9 0 0 16 0 0 0 0 8 0 0 0 0 0 0 0 6 14 14 9 0 0 0 0 0 0 0 0 0 9 14 0 0 0 0 0 0 12 5 0 0 0 0 0 11 10 0 0 0 0 0 0 0 7 0 16 18 5 0 6 0 0 20 0 0 0 0 0 23 0 0 0 0 0 25 0 14 0 16 0 19 0 0 21 24 0 0 0 0 0 0 0 5 0 0 0 0 0 0 0 0 0 0 11 0 0 0 0 0 0 0 0 0 0 0 5 0 0 19 0 0 0 0 18 0 0 0 0 0 0 0 10 0 0 0 0 10 0 0 0 0 0 0 24 0 0 25 0 0 0 0 7 0 0 20 12 17 0 0 0 17 0 9 0 0 0 0 0 0 0 0 0 9 
0 8 0 0 0 0 11 0 0 0 7 0 19 10 21 0 0 0 15 0 0 25 0 0 0 0 21 9 0 6 0 0 0 6 0 14 12 5 25 6 0 17 0 0 9 0 0 0 0 0 0 0 0 0 0 14 10 0 0 0 0 0 0 0 0 0 0 0 0 0 0 24 0 0 0 0 0 0 0 0 21 0 20 24 0 24 0 0 0 19 0 0 0 0 0 21 18 6 5 0 22 15 0 14 0 13 0 6 0 0 0 0 0 5 6 0 0 0 11 0 0 0 0 0 0 0 0 22 6 0 7 0 8 8 0 0 0 0 0 0 16 0 0 0 0 23 0 13 0 0 20 20 10 0 15 14 0 14 0 0 0 0 0 0 19 0 0 0 0 9 0 25 0 0 0 0 0 11 0 0 0 0 22 0 0 0 0 0 0 0 0 0 19 0 0 0 0 17 22 0 
0 18 0 0 0 0 0 0 0 0 0 0 0 0 0 0 0 23 23 9 0 0 9 0 0 0 0 0 18 0 0 12 0 0 0 0 0 0 0 0 0 0 13 0 0 0 0 7 0 0 0 0 0 0 22 9 0 0 0 0 0 0 0 0 0 15 0 0 24 0 0 0 0 9 0 6 14 0 0 0 0 0 18 0 0 0 17 0 16 0 14 19 23 0 0 0 10 0 25 0 0 0 6 12 0 0 0 0 25 0 0 21 23 0 0 0 0 0 0 23 0 0 0 0 20 25 0 7 7 0 0 0 5 11 0 0 0 19 7 0 0 0 0 0 0 7 0 0 14 23 0 0 0 5 0 12 22 0 0 0 7 0 0 0 0 0 0 0 0 0 23 17 0 0 21 0 0 0 0 0 0 0 0 0 0 0 14 10 0 0 0 0 0 19 0 0 0 6 0 0 
19 19 0 0 0 8 0 0 0 0 16 12 0 0 0 0 0 8 0 0 10 15 0 5 0 0 0 0 0 0 0 0 16 0 11 0 0 0 0 0 0 0 7 0 0 0 0 0 12 12 8 0 0 0 24 0 12 0 0 0 0 0 19 17 0 0 0 0 0 0 0 18 0 0 0 0 0 0 0 0 9 0 0 0 21 0 0 0 0 0 0 20 5 21 0 15 0 0 0 0 9 0 9 0 0 0 0 23 0 0 0 0 9 14 8 0 0 0 0 11 0 0 0 0 0 0 0 0 0 13 0 13 11 0 0 0 0 0 0 0 0 0 9 0 0 0 0 0 0 0 0 0 22 0 0 7 22 0 0 0 0 0 0 0 0 0 0 0 0 21 0 0 0 10 0 0 0 0 0 0 0 12 0 0 25 17 0 6 0 0 0 0 0 0 0 0 0 0 0 0 
19 0 0 0 0 0 24 0 0 0 24 0 0 0 21 0 0 0 0 0 0 9 0 0 0 12 13 14 25 0 6 0 0 0 25 0 0 0 0 0 0 0 0 0 0 0 0 0 0 0 0 0 0 0 0 0 0 9 0 0 0 0 0 23 0 0 9 0 0 0 0 0 0 0 0 0 0 0 0 24 0 10 9 16 22 9 0 25 0 0 0 25 0 25 0 0 0 0 0 0 0 0 0 13 7 0 0 16 0 0 0 17 0 0 22 0 0 0 0 0 0 0 22 0 0 0 0 0 0 0 22 0 0 0 16 0 20 0 0 0 0 8 23 21 0 0 0 25 11 0 0 25 0 0 13 0 18 13 0 0 0 0 8 0 0 22 0 0 5 0 0 0 0 0 0 0 0 0 11 0 15 0 0 0 0 0 0 0 0 0 0 0 0 0 20 0 12 0 11 0 
0 22 0 0 0 0 0 0 0 0 6 14 0 0 0 10 0 0 0 0 21 15 21 0 0 0 0 0 19 15 0 0 0 0 0 0 11 0 0 16 15 0 0 0 0 10 0 13 24 0 0 23 0 14 0 0 0 0 0 0 0 0 0 0 0 0 0 0 25 0 0 17 0 0 0 0 8 0 0 19 0 0 0 0 0 0 0 6 0 0 0 0 0 0 13 7 0 13 0 0 0 0 0 0 0 14 0 19 0 0 0 21 0 0 0 0 18 19 8 0 0 15 0 0 0 0 0 22 0 0 0 19 0 0 0 0 0 0 0 0 0 0 0 0 0 20 0 23 0 5 0 0 0 16 0 22 5 0 23 10 23 7 0 0 0 0 0 0 22 0 6 0 0 11 0 0 0 0 0 0 0 0 0 0 0 0 0 0 20 0 0 0 0 0 0 0 24 0 0 0 
0 0 0 0 25 0 0 0 0 0 0 23 22 0 0 0 0 0 0 0 16 0 0 0 0 0 0 0 18 0 0 0 0 0 0 0 0 0 0 0 0 0 0 0 0 0 0 24 13 0 0 25 0 0 25 0 0 0 0 0 0 11 0 0 0 23 0 0 0 0 24 0 0 10 0 0 0 0 0 0 0 0 0 0 0 16 0 10 0 21 9 0 0 0 10 0 15 0 0 0 0 18 0 0 20 0 0 0 6 0 16 0 25 0 7 0 0 25 16 0 0 0 0 0 19 0 10 0 17 25 0 0 0 0 25 24 0 0 16 0 0 0 0 0 0 12 6 0 0 25 0 0 0 0 0 0 0 13 0 0 0 0 0 0 0 0 9 0 0 0 0 0 0 14 0 17 0 0 0 0 0 0 19 0 16 0 0 0 0 0 0 10 0 0 0 0 0 20 0 19 
0 0 0 0 0 24 7 0 16 0 0 0 0 0 9 20 0 0 0 0 0 0 0 0 0 0 0 0 0 0 25 5 0 0 0 0 0 0 0 0 0 0 0 0 0 0 0 0 0 19 0 11 14 0 0 0 0 0 0 6 0 12 0 0 15 18 13 0 0 0 0 0 0 0 0 0 0 0 0 0 15 0 0 21 0 0 0 14 0 0 0 12 0 0 0 0 21 0 0 0 0 0 7 19 0 0 0 0 0 0 0 17 19 22 0 0 16 0 14 0 0 0 0 0 0 9 10 0 0 16 0 0 11 0 15 0 0 0 0 24 0 24 17 0 0 0 19 0 0 0 0 0 17 20 18 0 20 0 0 0 24 11 18 0 9 14 25 0 18 24 0 23 14 0 0 18 14 0 20 0 0 0 0 0 21 0 0 6 0 0 0 0 0 0 0 14 0 0 0 0 
0 13 0 0 0 0 0 0 23 0 0 0 13 0 16 0 20 0 22 9 0 0 0 0 17 8 0 0 0 0 0 15 0 0 12 0 18 0 0 0 0 10 0 0 19 0 0 0 0 0 0 0 0 13 23 0 23 0 0 0 14 0 0 0 0 22 0 0 0 0 16 21 0 0 0 0 25 0 0 0 19 6 0 0 24 0 10 0 0 0 17 0 0 0 0 0 0 0 0 0 0 0 0 0 16 0 22 6 0 0 0 0 0 18 0 0 0 13 10 20 16 24 22 0 0 0 0 0 0 0 0 0 0 23 0 13 0 0 0 0 12 12 0 0 0 0 0 0 0 0 0 0 0 0 0 0 0 6 0 13 0 0 0 0 20 0 0 21 0 0 0 15 0 0 0 25 13 0 0 0 0 0 0 0 0 21 0 0 0 0 0 0 23 14 12 0 0 0 0 12 
15 0 0 0 20 0 0 18 0 0 0 0 15 0 0 0 0 0 0 16 0 0 12 0 0 0 0 19 0 0 0 0 0 0 24 0 0 0 0 0 0 0 0 16 6 0 0 16 24 10 12 0 0 18 0 0 0 0 14 25 0 0 0 0 0 17 23 18 0 0 0 0 0 0 0 24 0 0 0 0 0 0 17 21 16 0 0 0 10 14 0 25 13 0 0 0 5 0 0 19 0 13 0 0 0 0 0 0 24 0 0 0 20 18 25 0 0 9 0 0 11 0 0 0 19 0 0 0 0 0 5 6 0 0 0 18 0 12 8 0 0 0 0 0 7 9 0 0 0 0 0 0 0 0 0 0 0 7 0 17 21 17 0 12 0 25 14 0 0 0 0 0 0 0 0 0 0 0 0 0 0 0 0 0 0 0 0 0 11 0 0 0 0 21 0 20 0 0 0 0 
0 0 0 0 0 0 0 0 0 0 0 0 0 0 0 13 0 0 9 0 0 0 0 0 0 0 0 0 0 22 0 0 0 0 0 9 0 0 0 0 0 20 0 0 0 0 0 0 0 0 0 0 0 0 0 0 0 0 0 0 0 0 0 0 0 20 0 0 12 0 0 0 0 0 22 0 0 17 0 0 7 0 19 0 0 0 0 8 0 12 0 0 0 0 0 0 19 0 20 0 0 6 0 0 0 0 6 0 0 0 0 0 13 0 0 0 0 0 22 0 21 10 0 0 0 0 14 0 0 0 0 0 0 0 0 0 18 0 10 0 0 0 12 20 0 0 0 16 0 0 0 0 0 0 5 0 0 18 0 0 0 0 0 0 0 7 0 0 0 0 13 6 0 0 0 0 0 21 0 0 0 0 17 0 0 0 10 0 12 20 6 0 0 0 0 0 0 9 0 24 
6 18 0 0 0 0 25 0 0 8 0 0 0 0 0 0 0 0 0 11 15 0 0 11 12 7 0 0 14 0 0 0 0 19 0 0 0 0 12 13 25 0 0 0 7 0 0 0 19 0 15 0 13 0 0 11 0 18 19 8 0 0 25 0 0 15 0 0 18 0 0 8 0 0 0 0 0 0 0 0 0 0 0 0 0 0 0 0 0 0 0 25 0 0 0 0 0 22 0 24 0 0 0 0 0 0 0 0 0 0 12 0 16 0 8 0 0 0 25 0 17 9 0 0 11 22 0 23 20 7 10 0 13 0 10 0 0 0 0 0 0 0 0 0 0 0 0 5 0 0 0 0 0 10 0 0 0 21 0 0 11 0 0 5 0 0 23 0 18 0 18 0 0 0 0 20 0 0 0 14 0 0 0 0 0 0 0 0 12 0 0 0 0 14 0 0 25 0 19 0 
10 0 0 0 0 5 0 0 0 0 0 0 0 0 0 0 0 11 18 11 0 21 24 14 0 0 0 0 0 0 0 0 0 14 24 0 0 0 0 0 0 0 0 18 0 0 24 0 0 0 0 16 22 0 0 0 0 0 11 0 0 0 0 20 0 0 18 0 0 24 25 0 0 19 0 0 0 18 12 0 0 11 0 20 0 21 0 0 19 20 0 10 0 25 0 0 0 0 25 0 0 8 18 15 10 0 0 0 0 0 9 0 0 0 0 0 10 19 0 0 8 0 0 0 19 23 0 0 0 22 0 0 0 12 18 9 17 0 0 0 9 0 0 0 22 0 0 0 0 0 22 0 0 0 20 0 0 0 0 0 0 0 0 0 25 0 12 0 0 0 15 13 0 0 0 0 0 0 19 0 0 19 0 24 0 0 0 0 0 18 0 0 24 0 0 0 0 6 0 0 
11 0 0 0 0 0 0 0 20 5 23 16 0 0 0 0 0 0 0 0 0 8 6 9 25 13 0 0 16 0 0 0 0 11 22 0 8 0 0 0 16 0 0 0 10 0 23 0 0 0 0 0 23 0 0 17 0 0 0 0 0 0 0 0 0 0 16 0 0 0 0 0 0 0 18 23 0 20 0 7 0 0 23 0 0 0 0 0 0 0 0 0 0 0 0 0 0 8 0 0 0 0 0 0 0 0 0 0 0 0 0 0 0 24 0 0 0 0 0 0 0 0 0 6 24 20 14 0 0 0 19 0 0 0 0 0 0 0 20 0 0 0 16 0 18 21 0 21 0 0 11 0 0 13 0 0 0 0 0 0 8 0 0 0 0 0 0 0 13 0 0 0 0 0 13 0 0 24 0 0 0 0 0 0 0 21 0 20 0 0 0 0 0 0 17 0 0 15 8 0 
0 0 6 19 0 0 0 0 0 22 0 0 0 0 20 18 0 0 13 17 0 0 23 0 9 0 0 0 24 5 0 0 0 10 9 0 7 0 0 0 16 24 0 0 0 0 0 0 0 0 0 0 0 0 0 0 18 0 0 0 0 22 0 0 0 0 7 0 0 0 0 0 0 0 0 0 0 0 18 0 0 13 17 0 0 0 0 12 0 0 14 15 0 0 0 0 0 0 0 14 0 0 0 14 0 22 0 0 0 0 0 0 0 0 0 0 0 0 0 0 0 0 18 0 0 0 0 0 0 0 0 0 11 0 0 0 6 0 0 0 0 0 0 0 0 25 0 24 24 0 0 0 0 0 0 0 0 0 0 21 0 0 0 0 0 0 0 0 0 25 0 0 0 22 0 0 0 24 14 13 0 0 0 0 0 0 0 9 12 0 11 0 11 0 21 0 20 0 0 0 
0 0 13 0 0 0 0 22 0 0 0 0 0 0 0 18 0 0 0 0 0 0 23 24 0 0 0 0 19 0 0 14 11 0 0 0 24 0 15 0 17 12 18 0 0 0 12 18 7 0 0 0 20 0 18 0 8 10 0 0 0 0 0 0 17 0 0 0 0 0 0 6 0 0 0 20 0 24 0 0 0 0 15 0 0 18 25 0 0 19 13 0 0 0 12 11 0 0 0 0 0 10 23 6 0 19 7 0 0 0 0 0 0 0 0 15 0 17 0 0 0 0 0 0 0 0 0 22 0 0 0 0 19 0 19 0 0 0 0 0 0 0 0 15 0 10 20 0 0 0 0 0 12 10 8 15 6 0 0 0 16 0 0 0 15 0 0 0 0 0 20 0 0 0 18 0 15 23 0 0 0 15 23 18 5 0 0 0 0 0 0 0 0 0 0 0 6 0 11 0 
0 0 0 0 0 0 22 0 0 0 0 0 0 0 0 25 0 0 0 0 0 0 6 0 0 5 0 18 12 0 0 0 0 0 0 7 0 0 0 0 0 0 0 0 0 14 0 0 0 0 0 19 0 0 0 0 12 19 19 0 0 19 15 0 14 0 0 0 0 0 0 0 6 0 0 0 0 0 0 0 14 0 0 0 14 0 0 5 0 0 0 10 0 6 9 0 0 0 0 0 0 0 0 0 0 0 0 0 9 18 5 0 0 0 0 23 0 0 0 0 0 0 16 0 0 0 0 22 0 0 0 0 0 0 0 0 0 0 0 24 6 9 21 0 8 0 19 21 0 19 0 0 0 0 0 0 0 0 0 0 0 0 9 0 10 13 0 20 22 11 0 0 0 0 0 0 18 0 0 0 0 18 0 0 0 0 13 0 7 0 0 0 0 0 18 7 0 0 0 11 
0 15 0 0 0 0 0 9 0 0 0 0 0 0 22 0 0 0 20 0 0 0 0 0 0 0 25 0 0 0 0 0 15 0 0 0 0 0 8 10 0 0 0 0 0 0 0 5 0 0 12 0 0 0 17 0 0 0 7 0 0 13 0 0 0 0 0 0 0 0 0 25 0 0 0 5 0 0 0 0 0 0 0 0 0 0 0 0 0 0 19 0 23 0 0 0 12 0 0 0 0 0 0 0 0 0 0 0 8 0 0 0 11 0 0 0 0 0 0 0 0 6 0 0 0 0 0 0 6 0 16 0 0 0 0 0 0 0 0 0 24 0 0 0 18 0 0 10 0 0 0 18 5 0 17 0 0 0 7 0 0 0 0 0 25 0 0 0 0 21 0 0 16 14 6 0 24 0 0 10 0 0 0 0 0 0 0 0 24 0 0 0 0 0 0 0 0 0 0 0 
0 0 0 0 0 0 0 0 0 0 0 0 14 25 0 0 0 0 18 0 20 10 0 0 0 0 0 0 0 0 0 0 0 0 0 0 18 16 24 21 0 25 20 0 0 0 15 0 0 22 6 0 0 0 0 0 0 0 0 0 0 12 0 0 0 0 18 0 0 23 0 0 7 0 0 0 0 0 0 0 0 0 0 19 0 0 0 0 0 0 0 0 0 0 19 0 10 0 0 0 0 0 0 13 19 0 0 11 5 0 15 0 0 0 0 0 0 0 5 0 0 0 9 0 0 0 0 0 0 0 0 0 0 12 5 0 0 0 0 0 0 0 14 0 0 0 0 18 0 0 19 0 0 17 0 0 0 0 6 0 0 23 0 0 0 0 0 0 17 8 0 0 8 0 0 0 12 0 0 21 0 0 0 0 5 0 17 0 5 0 24 0 0 0 0 0 0 0 6 0 
0 0 16 0 0 18 10 20 0 0 0 0 0 0 0 0 7 16 5 0 0 0 0 0 24 16 0 0 0 0 0 0 0 0 15 0 0 0 17 0 8 0 7 0 0 0 19 0 0 0 0 0 0 0 8 0 0 0 0 0 0 0 18 11 0 0 0 16 14 15 0 0 5 0 0 0 0 0 0 0 0 0 6 0 0 0 0 0 0 0 0 0 0 0 11 9 0 0 20 0 11 0 0 0 0 0 0 0 0 23 0 0 0 0 15 14 10 0 15 0 0 25 0 0 0 13 0 0 0 0 0 0 0 0 0 0 0 0 18 0 0 8 0 0 10 17 0 0 8 0 0 0 0 18 0 0 0 0 0 0 8 16 0 0 7 6 23 14 0 0 0 0 0 0 0 0 0 11 0 0 0 0 8 0 0 21 0 0 0 18 24 0 7 0 0 0 0 0 0 0 
0 11 0 0 0 6 19 9 17 8 0 0 0 0 0 0 0 0 0 0 0 0 0 0 0 0 0 0 0 17 0 0 0 0 22 11 0 10 0 0 0 5 0 0 16 0 0 23 8 0 0 0 0 0 0 15 0 0 22 0 9 0 20 18 16 0 0 0 0 0 14 0 0 0 0 0 0 0 0 0 0 7 0 0 0 12 0 18 7 0 0 6 0 0 25 5 24 0 0 0 0 0 0 0 0 24 8 0 0 0 0 0 0 0 0 0 0 0 0 8 0 0 0 0 0 9 0 0 0 0 0 0 21 0 0 0 0 0 0 0 0 0 0 0 25 0 0 0 0 0 0 0 0 0 0 0 0 0 0 0 0 0 17 14 0 0 0 0 0 0 0 0 0 0 0 16 0 0 0 0 0 0 18 0 0 0 0 0 0 0 10 0 16 0 0 0 0 23 0 18 
0 0 0 10 0 12 0 0 0 0 0 0 0 0 0 0 14 18 0 0 0 0 0 20 19 10 0 0 0 17 16 0 17 13 0 0 0 0 0 0 0 21 0 0 20 0 0 0 16 23 0 0 0 8 11 0 0 0 0 20 0 13 7 0 0 24 11 16 0 12 0 0 0 0 0 0 0 0 0 0 0 15 0 5 0 25 11 0 0 0 0 0 0 0 0 0 0 0 0 0 0 0 0 0 14 0 0 18 11 12 0 0 21 22 0 6 21 0 0 22 0 0 5 0 10 0 0 24 10 0 0 0 0 0 0 0 0 25 25 18 0 0 0 0 20 18 9 0 0 0 0 0 0 0 0 23 0 0 15 19 0 0 0 0 0 21 0 0 0 0 0 0 7 15 0 0 0 0 6 0 18 0 19 0 0 0 9 0 23 0 0 0 17 0 0 0 0 0 16 16 
0 0 0 0 0 0 16 14 0 0 0 19 0 0 0 24 0 0 0 24 0 0 0 0 0 0 0 0 0 0 0 0 0 17 0 0 23 0 0 0 0 0 0 21 0 8 0 23 0 24 0 0 17 0 7 0 0 0 0 0 0 0 18 24 0 0 0 0 0 0 0 0 12 19 9 0 11 0 20 0 0 0 21 0 0 0 0 0 0 0 0 0 0 0 25 0 7 0 0 0 6 0 0 9 24 5 0 0 0 0 12 0 0 0 0 0 23 17 16 21 16 14 0 0 0 0 9 0 0 0 0 0 8 0 0 0 0 0 21 0 0 0 0 0 0 24 0 0 0 0 0 0 0 0 25 12 0 6 0 0 10 0 0 23 0 15 0 0 0 0 0 16 0 0 0 9 0 0 0 0 9 0 0 0 0 0 0 0 0 0 0 5 0 12 0 0 0 0 23 0 
0 0 0 0 0 0 6 0 0 14 0 21 10 0 5 0 0 0 19 0 0 0 0 0 0 0 0 0 0 0 0 0 0 0 0 0 0 0 0 0 0 0 0 0 16 0 0 21 0 9 23 0 0 0 0 0 0 11 0 20 0 0 0 0 25 0 12 0 0 0 0 0 0 0 0 0 24 9 0 0 0 0 0 0 0 0 0 0 0 14 0 0 14 0 0 0 17 0 0 0 0 0 10 23 0 0 9 14 0 0 0 5 11 0 23 17 8 8 0 0 0 13 0 0 0 0 0 0 0 0 13 24 0 10 0 0 0 0 0 0 0 15 0 0 23 0 16 11 7 0 0 0 0 0 0 0 8 20 0 0 0 0 0 0 7 21 0 22 14 0 0 0 0 13 17 0 22 0 0 8 0 0 0 0 0 23 0 0 9 9 5 0 0 0 0 0 0 0 0 0 
0 0 22 0 0 0 0 0 0 0 0 0 0 0 23 0 0 15 0 0 0 0 0 22 0 0 0 8 0 11 0 24 7 0 0 0 0 17 15 0 0 23 0 0 0 0 0 0 0 0 0 16 0 10 0 0 0 11 16 0 0 0 0 0 9 0 21 9 0 0 0 0 0 0 0 0 0 0 18 0 0 11 8 0 0 0 0 0 0 0 0 0 0 0 0 22 15 0 0 0 0 0 0 0 0 0 0 0 0 0 0 15 0 18 0 19 0 0 0 21 0 0 0 0 0 21 8 0 0 20 0 0 0 25 0 20 0 0 25 0 0 0 0 0 0 14 0 16 17 14 0 10 0 0 15 11 0 0 0 0 0 0 0 21 0 0 24 17 20 0 0 0 11 0 0 0 0 0 0 9 9 0 0 0 0 0 13 0 0 0 15 0 15 0 0 24 0 0 0 0 
